# Blender v2.78 (sub 0) OBJ File: ''
# www.blender.org
mtllib cloud3.mtl
o cloud:Mesh
v 0.988509 1.882694 -0.793264
v 0.764263 1.833299 -0.781019
v 0.768674 1.905027 -0.432526
v 0.993877 1.955449 -0.433374
v 1.221947 1.970327 -0.433905
v 1.216201 1.897547 -0.796440
v 1.200918 1.700088 -1.103582
v 0.974155 1.685526 -1.097850
v 0.752282 1.639771 -1.074655
v 1.746406 1.768384 -0.752341
v 1.576569 1.846159 -0.779071
v 1.579790 1.916641 -0.433426
v 1.747960 1.835702 -0.426628
v 1.912244 1.717472 -0.403396
v 1.912076 1.656983 -0.702443
v 1.911586 1.489877 -0.941888
v 1.742232 1.586241 -1.020190
v 1.567986 1.655197 -1.068657
v -0.490391 1.317998 -0.573418
v -0.615291 1.201093 -0.523994
v -0.617594 1.237865 -0.287836
v -0.492990 1.363736 -0.327184
v -0.341948 1.496158 -0.378641
v -0.339373 1.441813 -0.626960
v -0.332640 1.278438 -0.812055
v -0.483801 1.171783 -0.759202
v -0.609785 1.076164 -0.705571
v 3.246270 1.368635 0.036978
v 3.098492 1.420694 0.045315
v 3.104756 1.282267 0.372787
v 3.251019 1.242049 0.345843
v 3.374441 1.187049 0.312602
v 3.372025 1.301739 0.026824
v 3.371211 1.343493 -0.257247
v 3.244488 1.415072 -0.267497
v 3.096051 1.472220 -0.275883
v 0.584775 1.739929 -0.757508
v 0.447807 1.627721 -0.726907
v 0.450988 1.693293 -0.428357
v 0.588374 1.809265 -0.430593
v 0.574663 1.554719 -1.030697
v 0.438577 1.454117 -0.973876
v 3.468369 1.224524 -0.456103
v 3.372025 1.301739 -0.485824
v 3.468304 1.262221 -0.244334
v 3.544325 1.183035 -0.232939
v 3.544026 1.148628 -0.429133
v 3.543435 1.053442 -0.569629
v 3.468811 1.120445 -0.606266
v 3.374441 1.187048 -0.646859
v 1.735923 1.309870 -1.178641
v 1.555120 1.364433 -1.249480
v 1.910785 1.238953 -1.075414
v 1.909712 0.956970 -1.085160
v 1.728536 0.994572 -1.205196
v 1.540257 1.026552 -1.294620
v -0.474429 0.962092 -0.875994
v -0.602477 0.892789 -0.816744
v -0.322737 1.047455 -0.931675
v -0.311559 0.792879 -0.975215
v -0.464121 0.730407 -0.917137
v -0.594999 0.688673 -0.854293
v 3.274633 0.575998 -0.631151
v 3.133366 0.572025 -0.649660
v 3.123882 0.826819 -0.787451
v 3.266413 0.816169 -0.756105
v 3.383523 0.797790 -0.719057
v 3.389196 0.577642 -0.608025
v 3.394433 0.382152 -0.420988
v 3.281669 0.361994 -0.425218
v 3.141157 0.343863 -0.426481
v 0.558721 1.277474 -1.208996
v 0.423608 1.197948 -1.134722
v 0.733989 1.346358 -1.267278
v 0.712408 1.003263 -1.337548
v 0.538961 0.955751 -1.273593
v 0.404335 0.903367 -1.192620
v 3.469878 0.958995 -0.684080
v 3.378439 1.009996 -0.728302
v 3.542859 0.905511 -0.643840
v 3.542838 0.727689 -0.641886
v 3.471687 0.765059 -0.678916
v 0.952569 1.385042 -1.298830
v 1.178053 1.398830 -1.305881
v 1.151761 1.044217 -1.376133
v 0.927621 1.031900 -1.371685
v 1.721125 0.695647 -1.077359
v 1.525681 0.694239 -1.177156
v 1.908409 0.696683 -0.953261
v 1.907137 0.441101 -0.711471
v 1.714752 0.406420 -0.828919
v 1.513368 0.373088 -0.930514
v -0.454726 0.518208 -0.875976
v -0.588984 0.501519 -0.814998
v -0.301003 0.558725 -0.932065
v -0.292312 0.369283 -0.806399
v -0.447100 0.347010 -0.755237
v -0.584402 0.350467 -0.700656
v 3.286391 0.208628 -0.167763
v 3.146180 0.175596 -0.150580
v 3.398205 0.243925 -0.183726
v 3.399725 0.188644 0.071545
v 3.288173 0.145178 0.106993
v 3.147999 0.100591 0.141356
v 0.517391 0.637106 -1.205677
v 0.382188 0.614523 -1.130748
v 0.690565 0.660689 -1.264127
v 0.671761 0.345858 -1.063901
v 0.497876 0.353208 -1.021663
v 0.361525 0.364563 -0.965183
v 3.474356 0.563520 -0.580145
v 3.543910 0.542827 -0.553888
v 3.545580 0.379651 -0.399923
v 3.477201 0.385046 -0.410452
v 0.903185 0.676757 -1.291900
v 1.126194 0.686695 -1.287139
v 1.104753 0.340740 -1.061590
v 0.882610 0.340292 -1.078352
v 1.710479 0.120217 -0.493664
v 1.505291 0.068691 -0.588116
v 1.906159 0.173232 -0.391540
v 1.905744 -0.005280 -0.053813
v 1.708867 -0.057456 -0.129484
v 1.502312 -0.110202 -0.201923
v -0.442100 0.238331 -0.557644
v -0.581226 0.254651 -0.513063
v -0.286727 0.248843 -0.602390
v -0.284712 0.205089 -0.336671
v -0.440256 0.199606 -0.301739
v -0.579989 0.220519 -0.271345
v 3.286391 0.200921 0.364830
v 3.146180 0.152213 0.412641
v 3.398205 0.241998 0.312605
v 3.394433 0.379262 0.513997
v 3.281669 0.350434 0.579960
v 3.141157 0.308314 0.637750
v 0.484277 0.135728 -0.737969
v 0.346700 0.186633 -0.712005
v 0.659297 0.085994 -0.753762
v 0.654650 -0.064216 -0.367432
v 0.478956 0.013333 -0.384069
v 0.340748 0.090672 -0.396025
v 3.479539 0.260300 0.263928
v 3.480581 0.211359 0.042622
v 3.548265 0.223106 0.015509
v 3.547353 0.266886 0.216623
v 3.545580 0.379651 0.383697
v 3.477201 0.385045 0.448448
v 0.869244 0.043185 -0.749921
v 1.090838 0.020827 -0.722178
v 1.085761 -0.166511 -0.311845
v 0.864363 -0.130516 -0.344933
v 1.710479 -0.021091 0.205735
v 1.505292 -0.054842 0.176106
v 1.906159 0.007207 0.241371
v 1.907138 0.171952 0.464660
v 1.714752 0.183542 0.471548
v 1.513369 0.184320 0.491340
v -0.442099 0.238274 -0.006066
v -0.581225 0.254517 0.005372
v -0.286727 0.245707 -0.025878
v -0.292311 0.359952 0.275924
v -0.447099 0.342774 0.277686
v -0.584401 0.346427 0.265297
v 3.274633 0.568291 0.726597
v 3.133367 0.546747 0.791154
v 3.389196 0.575715 0.650263
v 3.383523 0.797309 0.676124
v 3.266413 0.814242 0.752361
v 3.123883 0.817913 0.815304
v 0.484277 0.014690 0.010564
v 0.346701 0.086620 -0.042056
v 0.659297 -0.050085 0.061366
v 0.671761 0.137807 0.452540
v 0.497876 0.165885 0.371255
v 0.361526 0.206995 0.282362
v 4.044047 0.342435 -0.351735
v 3.926156 0.321978 -0.308391
v 3.909830 0.402207 -0.452478
v 4.023836 0.418394 -0.487231
v 4.181804 0.447030 -0.505196
v 4.188266 0.376211 -0.388128
v 4.210922 0.356969 -0.257520
v 4.052893 0.314114 -0.200823
v 3.933251 0.292020 -0.150082
v 0.869244 -0.096763 0.098289
v 1.090838 -0.114740 0.126470
v 1.104753 0.134932 0.517051
v 0.882610 0.127341 0.499447
v 1.721125 0.510670 0.627514
v 1.525682 0.556830 0.689149
v 1.908410 0.450212 0.586705
v 1.909713 0.792685 0.586497
v 1.728537 0.893544 0.642305
v 1.540257 0.974805 0.723223
v -0.454725 0.501549 0.497826
v -0.588984 0.486034 0.456641
v -0.301003 0.537080 0.514665
v -0.311559 0.753892 0.613644
v -0.464121 0.693990 0.590187
v -0.594999 0.654533 0.532890
v 3.258138 1.048040 0.604874
v 3.113783 1.072213 0.652649
v 3.378439 1.009996 0.546303
v 0.517392 0.493002 0.623332
v 0.382189 0.484316 0.509686
v 0.690565 0.508877 0.725997
v 0.712408 0.945579 0.805146
v 0.538961 0.890632 0.700852
v 0.404335 0.832483 0.584129
v 3.474356 0.563520 0.573233
v 3.543911 0.542827 0.497155
v 3.542839 0.727689 0.523194
v 3.471688 0.765059 0.599196
v 0.903186 0.524695 0.778242
v 1.126195 0.541296 0.784181
v 1.151761 0.995577 0.852787
v 0.927622 0.978742 0.854959
v 1.735924 1.265414 0.484593
v 1.555121 1.350360 0.547252
v 1.910785 1.150067 0.443024
v 1.911586 1.457104 0.201950
v 1.742232 1.574144 0.217818
v 1.567987 1.651433 0.248837
v -0.474429 0.899487 0.490602
v -0.602477 0.833115 0.447531
v -0.322737 0.987186 0.496157
v -0.332640 1.211170 0.241921
v -0.483801 1.098627 0.262911
v -0.609785 1.005840 0.249336
v 0.558722 1.253367 0.537874
v 0.423609 1.165398 0.449900
v 0.733989 1.330365 0.613399
v 0.752282 1.635448 0.277618
v 0.574663 1.547391 0.239013
v 0.438577 1.443034 0.189950
v 3.469878 0.958995 0.487253
v 3.542860 0.905511 0.428012
v 3.543435 1.053442 0.245203
v 3.468811 1.120445 0.279566
v 0.952569 1.372928 0.649882
v 1.178053 1.388998 0.647798
v 1.200918 1.697630 0.298596
v 0.974155 1.682498 0.297804
v -2.113584 0.414053 -0.460384
v -2.124945 0.397349 -0.474499
v -2.172011 0.358681 -0.436875
v -2.123525 0.409053 -0.436875
v -2.046782 0.455929 -0.436875
v -2.044747 0.452281 -0.470447
v -2.048767 0.435685 -0.497524
v 4.318507 0.840788 -0.453708
v 4.098422 0.938325 -0.455290
v 4.115473 0.952409 -0.327691
v 4.383221 0.821574 -0.369116
v 4.677785 0.604704 -0.402501
v 4.382533 0.768138 -0.515460
v 4.114940 0.868341 -0.556497
v -2.116329 0.390761 -0.493335
v -2.128191 0.372514 -0.489791
v -2.048347 0.416371 -0.517490
v -2.053753 0.391839 -0.522107
v 4.322360 0.725792 -0.574051
v 4.104921 0.777838 -0.621365
v 4.394836 0.636053 -0.562585
v 4.134202 0.660621 -0.628783
v -2.121265 0.361064 -0.493228
v -2.132806 0.349287 -0.474365
v -2.055316 0.369648 -0.517257
v -2.061237 0.350390 -0.497183
v 4.349560 0.558691 -0.554787
v 4.141805 0.544857 -0.592793
v 4.426270 0.500261 -0.484908
v -2.125281 0.340593 -0.460277
v -2.134445 0.339500 -0.436875
v -2.061017 0.337292 -0.470215
v -2.063795 0.332903 -0.436875
v 4.384657 0.437683 -0.408553
v 4.445507 0.443018 -0.327177
v -2.125280 0.340593 -0.413473
v -2.132806 0.349287 -0.399384
v -2.061016 0.337292 -0.403535
v -2.061236 0.350390 -0.376567
v 4.384656 0.437684 -0.217350
v 4.188265 0.376211 -0.123078
v 4.426270 0.500261 -0.178236
v 4.181803 0.447030 -0.025411
v -2.121265 0.361064 -0.380522
v -2.128191 0.372514 -0.383958
v -2.055315 0.369648 -0.356492
v -2.053753 0.391839 -0.351642
v 4.349560 0.558691 -0.092913
v 4.141804 0.544857 0.048893
v 4.394837 0.636053 -0.128590
v 4.134203 0.660620 0.052160
v -2.116329 0.390761 -0.380415
v -2.124946 0.397349 -0.399251
v -2.048347 0.416371 -0.356260
v -2.048767 0.435685 -0.376225
v 4.322361 0.725792 -0.111951
v 4.104922 0.777838 0.021844
v 4.382533 0.768138 -0.208505
v 4.114940 0.868341 -0.074443
v 1.746406 1.767598 -0.094582
v 1.576570 1.845962 -0.084423
v 1.912077 1.648542 -0.091061
v -0.490391 1.271994 -0.029046
v -0.615291 1.156769 -0.012923
v -0.339373 1.400052 -0.069346
v 3.258137 1.048040 -0.770620
v 3.113782 1.074982 -0.807184
v 3.104755 1.284053 -0.719971
v 3.251019 1.242049 -0.685953
v 0.584775 1.738888 -0.091114
v 0.447807 1.625365 -0.112770
v 0.764263 1.833039 -0.075336
v 3.468369 1.224524 0.018296
v 3.544026 1.148628 0.008363
v 0.988509 1.882694 -0.066483
v 1.216201 1.897547 -0.065432
v -2.113584 0.414053 -0.413366
v -2.044747 0.452281 -0.403303
v 4.318507 0.840788 -0.262278
v 4.098423 0.938325 -0.188717
v 2.324684 1.399028 -0.535890
v 2.210874 1.407327 -0.548518
v 2.209993 1.444894 -0.304817
v 2.323841 1.437070 -0.290427
v 2.441782 1.479265 -0.291824
v 2.442601 1.435436 -0.550382
v 2.444807 1.300743 -0.737255
v 2.326976 1.273480 -0.715568
v 2.213258 1.281982 -0.730877
v 2.330482 1.096225 -0.807530
v 2.216886 1.104523 -0.826731
v 2.448150 1.107380 -0.830105
v 2.452046 0.887528 -0.815529
v 2.334578 0.893352 -0.797312
v 2.221078 0.900846 -0.820845
v 2.338643 0.690948 -0.670451
v 2.225153 0.696845 -0.697982
v 2.455914 0.673368 -0.680126
v 2.459226 0.455931 -0.453307
v 2.342110 0.477218 -0.454751
v 2.228564 0.480011 -0.485796
v 2.344411 0.240365 -0.178021
v 2.230762 0.237835 -0.211941
v 2.461455 0.226248 -0.164484
v 2.462299 0.064951 0.142126
v 2.345270 0.068374 0.115053
v 2.231558 0.061940 0.076311
v 2.344411 0.049227 0.379782
v 2.230762 0.043953 0.331686
v 2.461455 0.052673 0.422306
v 2.459227 0.175718 0.640453
v 2.342110 0.163755 0.583165
v 2.228565 0.159097 0.525440
v 2.338644 0.392785 0.692197
v 2.225154 0.382596 0.628829
v 2.455915 0.420388 0.760962
v 2.452047 0.716177 0.754230
v 2.334579 0.673225 0.683099
v 2.221079 0.659748 0.620733
v 2.330482 0.941981 0.532091
v 2.216887 0.935850 0.480033
v 2.448151 0.992575 0.590653
v 2.444808 1.227792 0.326009
v 2.326976 1.175894 0.287809
v 2.213259 1.179431 0.250289
v 2.324684 1.351808 -0.001113
v 2.210874 1.359020 -0.024938
v 2.442602 1.400036 0.016078
v 3.959856 0.796509 -0.622693
v 3.855411 0.800499 -0.604820
v 3.846696 0.916506 -0.537794
v 3.951728 0.906804 -0.555778
v 3.975019 0.665823 -0.634567
v 3.869412 0.663001 -0.613870
v 2.082133 0.029417 0.284452
v 2.082512 0.035954 0.017404
v 2.080991 0.162816 0.484281
v 2.074047 1.022712 0.445924
v 2.076675 0.707161 0.583919
v 2.071695 1.299350 0.217222
v 2.079081 0.404630 0.590404
v 2.082133 0.213948 -0.290373
v 2.080990 0.466802 -0.584233
v 2.070119 1.485141 -0.061383
v 2.069524 1.562782 -0.352633
v 2.079080 0.697920 -0.809527
v 2.076674 0.923890 -0.936918
v 3.949269 0.978472 -0.139189
v 3.842735 0.991973 -0.101171
v 3.846696 0.916506 0.050958
v 3.951728 0.906804 0.001046
v 3.949457 1.004649 -0.294334
v 3.841943 1.019572 -0.267265
v 2.074047 1.161302 -0.937069
v 2.071695 1.371285 -0.825884
v 2.070119 1.514971 -0.619269
v 3.998587 0.532988 -0.585460
v 3.889234 0.523059 -0.558697
v 3.959856 0.796508 0.101744
v 3.855411 0.800499 0.160842
v 3.869412 0.663001 0.214084
v 3.975020 0.665823 0.150220
v 3.949269 0.978472 -0.439761
v 3.842735 0.991973 -0.419040
v 3.479539 0.260300 -0.192517
v 3.547353 0.266886 -0.200065
v 3.998586 0.532988 0.133792
v 3.889233 0.523059 0.196285
v 3.909829 0.402207 0.120254
v 4.023835 0.418394 0.061817
v -1.346823 0.903969 -0.302131
v -1.469364 0.811733 -0.337266
v -1.467684 0.759583 -0.252071
v -1.339801 0.840872 -0.186297
v -1.222973 0.908267 -0.114021
v -1.233871 0.983286 -0.261790
v -1.238530 1.012334 -0.417020
v -1.350181 0.927346 -0.428159
v -1.470785 0.830682 -0.434495
v -1.613755 0.693018 -0.507068
v -1.768151 0.579646 -0.487108
v -1.768221 0.590090 -0.436835
v -1.614245 0.707412 -0.436714
v -1.469364 0.811892 -0.529014
v -1.467684 0.759821 -0.608141
v -1.614061 0.653406 -0.566706
v -1.768833 0.551493 -0.529796
v -1.616942 0.592149 -0.605234
v -1.771163 0.508811 -0.557395
v -1.468324 0.678927 -0.659198
v -1.471740 0.583913 -0.677163
v -1.622401 0.520309 -0.618831
v -1.775199 0.459173 -0.567188
v -1.630439 0.448951 -0.603674
v -1.780999 0.410152 -0.556458
v -1.478386 0.489479 -0.657012
v -1.484909 0.409019 -0.604042
v -1.637976 0.388137 -0.564366
v -1.786410 0.368464 -0.528391
v -1.641928 0.347932 -0.505508
v -1.789281 0.340826 -0.486171
v -1.487950 0.355925 -0.523547
v -1.488600 0.336219 -0.428532
v -1.643007 0.332981 -0.436875
v -1.790081 0.330518 -0.436875
v -1.641927 0.347932 -0.368242
v -1.789280 0.340826 -0.387579
v -1.487950 0.355925 -0.332002
v -1.484909 0.409020 -0.248274
v -1.637976 0.388137 -0.308974
v -1.786410 0.368464 -0.345256
v -1.630439 0.448951 -0.268435
v -1.780998 0.410152 -0.316881
v -1.478386 0.489479 -0.191668
v -1.471740 0.583873 -0.170641
v -1.622401 0.520309 -0.252297
v -1.775199 0.459173 -0.305906
v -1.616942 0.592149 -0.266233
v -1.771163 0.508811 -0.315784
v -1.468324 0.678768 -0.193652
v -1.614061 0.653406 -0.305670
v -1.768833 0.551493 -0.343610
v -1.613755 0.693018 -0.366040
v -1.768151 0.579646 -0.386481
v 0.351120 1.521813 -0.693388
v 0.263847 1.452667 -0.664290
v 0.267172 1.508450 -0.424747
v 0.354530 1.582239 -0.426599
v 0.341302 1.361713 -0.912098
v 0.254464 1.303434 -0.858593
v 0.249087 0.232954 -0.685329
v 0.174431 0.276472 -0.661558
v 0.185802 0.407146 -0.859306
v 0.263281 0.382142 -0.908007
v 0.243492 0.156342 -0.404478
v 0.170093 0.213268 -0.407485
v -0.717162 1.142791 -0.037812
v -0.809151 1.165786 -0.082831
v -0.804104 1.034948 0.156906
v -0.711920 1.003836 0.210946
v -0.719517 1.215538 -0.297571
v -0.811550 1.230804 -0.329425
v 0.283479 0.601455 -1.053539
v 0.202567 0.604003 -0.987789
v 0.221559 0.839425 -1.034435
v 0.305583 0.860113 -1.107433
v 0.249088 0.154761 -0.084428
v 0.174431 0.218819 -0.110030
v 0.263281 0.256555 0.212629
v 0.185803 0.312499 0.170789
v -1.920709 0.503439 -0.396622
v -1.921899 0.482993 -0.362403
v -1.920373 0.511268 -0.436875
v 0.283480 0.490067 0.424500
v 0.202567 0.513683 0.374952
v 0.305583 0.789717 0.497032
v 0.221559 0.774278 0.446101
v -1.068861 0.368615 -0.519385
v -1.167285 0.366342 -0.526476
v -1.174232 0.436524 -0.652694
v -1.073884 0.445353 -0.664908
v -0.990585 0.446935 -0.671711
v -0.989469 0.364636 -0.509452
v -0.988777 0.334871 -0.306385
v -1.066673 0.340598 -0.338081
v -1.164327 0.340466 -0.370460
v 0.325490 1.089925 0.376070
v 0.239613 1.046195 0.327880
v 0.341302 1.347085 0.138384
v 0.254464 1.284869 0.099219
v -1.924129 0.452970 -0.340255
v -1.927536 0.418537 -0.332323
v 0.351120 1.517593 -0.139257
v 0.263847 1.445735 -0.160950
v -1.932259 0.384864 -0.340756
v -1.936633 0.356332 -0.363156
v -0.694249 0.287946 0.015059
v -0.794545 0.324453 0.008392
v -0.794356 0.292540 -0.254888
v -0.693625 0.255621 -0.254633
v -0.695593 0.375386 0.262097
v -0.794559 0.410884 0.244682
v 1.374034 1.386515 0.607621
v 1.351986 1.001541 0.801130
v 1.393205 1.689935 0.279018
v 0.325490 1.127340 -1.055200
v 0.239613 1.085795 -0.986672
v -0.717163 1.180806 -0.522229
v -0.809152 1.195101 -0.540994
v -0.711920 1.064515 -0.695348
v -0.804104 1.082226 -0.703282
v -0.705611 0.839944 0.402598
v -0.798557 0.873191 0.347903
v -0.794479 0.701837 0.444211
v -0.700070 0.668816 0.491734
v -1.920709 0.503439 -0.477128
v -1.921899 0.482993 -0.511346
v -1.068861 0.368615 -0.140906
v -1.167285 0.366342 -0.202903
v -0.989469 0.364586 -0.083699
v -0.990585 0.445351 0.113446
v -1.073884 0.444643 0.032529
v -1.174232 0.436347 -0.056522
v -1.932259 0.384864 -0.532993
v -1.927536 0.418537 -0.541427
v -1.936634 0.356332 -0.510594
v -0.697132 0.523037 -0.794225
v -0.793842 0.555744 -0.791347
v -0.794479 0.729075 -0.832852
v -0.700070 0.700323 -0.834499
v -0.695593 0.379430 -0.680320
v -0.794559 0.414665 -0.677441
v -1.938997 0.337324 -0.476626
v -1.939675 0.330201 -0.436875
v -1.924129 0.452970 -0.533495
v -1.938996 0.337324 -0.397123
v -0.134463 0.608695 -0.938171
v -0.141439 0.843440 -0.980712
v 0.016150 0.868568 -0.972644
v 0.015816 0.640937 -0.930995
v 0.015477 0.453927 -0.814189
v -0.128665 0.417510 -0.816478
v 1.300799 -0.093412 0.151047
v 1.296511 -0.153147 -0.263442
v 1.312521 0.161021 0.510428
v 0.120752 0.628268 -0.947237
v 0.131115 0.854736 -0.990029
v 0.111750 0.440773 -0.828249
v -0.705611 0.892585 -0.800489
v -0.798557 0.915727 -0.802032
v -0.697132 0.508153 0.432944
v -0.793841 0.542207 0.399879
v -0.694249 0.288204 -0.493441
v -0.794545 0.324770 -0.491061
v 0.120753 0.558589 0.368218
v 0.015816 0.590471 0.399831
v 0.015477 0.409156 0.189897
v 0.111751 0.372764 0.165574
v 0.131115 0.798108 0.437875
v 0.016150 0.820550 0.473289
v -0.148674 1.044337 0.428538
v -0.141439 0.800945 0.553278
v 0.016425 1.067555 0.348507
v 0.016649 1.292582 0.110567
v -0.154975 1.272445 0.176614
v -1.099019 0.844224 0.099159
v -1.208915 0.797006 0.001744
v -1.194678 0.668779 0.060180
v -1.088382 0.699553 0.170952
v -0.992692 0.718147 0.273180
v -0.996665 0.876962 0.190858
v -1.001673 1.021466 0.030175
v -1.109757 0.972758 -0.040911
v -1.118248 1.069646 -0.559952
v -1.233871 0.985681 -0.555167
v -1.121931 1.100572 -0.400390
v -1.008531 1.174788 -0.379713
v -1.006307 1.140425 -0.559288
v -1.001673 1.041705 -0.697855
v -1.109757 0.983076 -0.684454
v -1.222973 0.912037 -0.664899
v -1.080197 0.560658 0.142612
v -1.183240 0.542859 0.035966
v -0.991163 0.568741 0.239891
v -1.118248 1.063242 -0.217402
v -1.006307 1.127938 -0.171620
v -1.099019 0.853470 -0.762264
v -1.208915 0.800112 -0.734885
v -0.996665 0.895481 -0.782924
v -0.992692 0.730329 -0.809347
v -1.088382 0.705416 -0.787615
v -1.194678 0.670444 -0.758936
v -0.159150 1.482829 -0.641078
v -0.160706 1.538138 -0.405229
v 0.016912 1.528050 -0.416557
v 0.016831 1.474618 -0.639749
v 0.016649 1.325605 -0.814308
v -0.154975 1.323197 -0.819942
v -0.159150 1.452527 -0.116987
v 0.016831 1.456726 -0.155453
v 0.155124 1.439954 -0.168228
v 0.149688 1.281712 0.087358
v 0.157085 1.504270 -0.422231
v -0.134462 0.575011 0.465324
v -0.128665 0.393482 0.236670
v 1.406028 1.887291 -0.073059
v 1.410852 1.959453 -0.434887
v -0.124965 0.283305 -0.060687
v -0.123640 0.249176 -0.366997
v 0.015052 0.284670 -0.390033
v 0.015186 0.308444 -0.094754
v 0.155124 1.450750 -0.646948
v 0.149687 1.305208 -0.826594
v -0.124965 0.295791 -0.622507
v 0.015186 0.334168 -0.631857
v -0.148674 1.095837 -0.937228
v 0.016424 1.110189 -0.929511
v 0.141222 1.093460 -0.945384
v 0.105724 0.278498 -0.112336
v 0.103455 0.264372 -0.403100
v 0.141222 1.053456 0.316823
v 0.105724 0.318969 -0.644304
v 1.406028 1.887291 -0.792740
v 1.393205 1.691562 -1.095153
v 1.300799 0.032445 -0.666265
v 1.312521 0.351433 -1.010190
v 1.330532 0.691889 -1.247987
v 1.351986 1.042767 -1.351022
v 1.330532 0.559524 0.747927
v 1.374034 1.393023 -1.290662
v 2.936075 1.456899 -0.554735
v 2.933816 1.510199 -0.283203
v 3.098492 1.421569 -0.536925
v 2.941862 1.311669 -0.745337
v 2.770470 1.323646 -0.757833
v 2.766109 1.471417 -0.563766
v 2.764428 1.524706 -0.288638
v 2.595680 1.461914 -0.560994
v 2.594531 1.511436 -0.291370
v 2.598712 1.318735 -0.753241
v 2.950184 1.092679 -0.834142
v 2.959456 0.836365 -0.810482
v 2.783994 0.849144 -0.823474
v 2.776831 1.103287 -0.847959
v 2.603209 1.108960 -0.845097
v 2.608355 0.869495 -0.824703
v 2.968094 0.579160 -0.663689
v 2.975144 0.347049 -0.428119
v 2.796354 0.370624 -0.432921
v 2.790765 0.600026 -0.673711
v 2.613330 0.637244 -0.680201
v 2.617511 0.413659 -0.443673
v 2.979657 0.166015 -0.138130
v 2.981278 0.074517 0.167022
v 2.801286 0.062821 0.177432
v 2.799971 0.175630 -0.135356
v 2.620273 0.200189 -0.147202
v 2.621299 0.061366 0.166026
v 2.979657 0.111016 0.448081
v 2.975145 0.262656 0.678780
v 2.796355 0.221757 0.695486
v 2.799972 0.079972 0.463893
v 2.620273 0.061723 0.452822
v 2.617512 0.193915 0.680302
v 2.968094 0.516583 0.832852
v 2.959457 0.810373 0.852347
v 2.783995 0.790505 0.855642
v 2.790766 0.482850 0.843669
v 2.613331 0.450598 0.815579
v 2.608356 0.757188 0.817340
v 2.950185 1.081601 0.679314
v 2.941862 1.304524 0.386934
v 2.770471 1.303575 0.384355
v 2.776831 1.071975 0.678608
v 2.603210 1.039103 0.644273
v 2.598712 1.274175 0.361119
v 2.936075 1.453399 0.048391
v 2.766109 1.461622 0.044671
v 2.595680 1.440238 0.032619
v 3.246270 1.368634 -0.513360
v 3.783070 0.515047 -0.538414
v 3.769502 0.663493 -0.600628
v 3.797249 0.386320 -0.422404
v 3.695796 0.375608 -0.401864
v 3.687932 0.513947 -0.529196
v 3.680823 0.672544 -0.599257
v 3.611657 0.524755 -0.535630
v 3.608909 0.695397 -0.614171
v 3.615176 0.374945 -0.395715
v 3.759837 0.808508 -0.594531
v 3.753648 0.930423 -0.527033
v 3.676257 0.826394 -0.596018
v 3.673613 0.955140 -0.527302
v 3.607792 0.860020 -0.613470
v 3.607622 0.997243 -0.542404
v 3.808749 0.300463 -0.267115
v 3.813830 0.268252 -0.098294
v 3.705793 0.247305 -0.051192
v 3.702632 0.282529 -0.233290
v 3.618609 0.272816 -0.212298
v 3.620304 0.233672 -0.014510
v 3.750507 1.009573 -0.405045
v 3.749698 1.038457 -0.244702
v 3.672272 1.038426 -0.400930
v 3.671928 1.068704 -0.230182
v 3.607719 1.085686 -0.409850
v 3.607835 1.117713 -0.227241
v 3.759837 0.808508 0.232233
v 3.769502 0.663493 0.292243
v 3.753648 0.930423 0.108290
v 3.673613 0.955140 0.163734
v 3.676256 0.826394 0.305160
v 3.680823 0.672544 0.374270
v 3.607792 0.860020 0.368867
v 3.608910 0.695396 0.449736
v 3.607622 0.997243 0.207982
v 3.783069 0.515047 0.270872
v 3.797248 0.386320 0.186701
v 3.687931 0.513947 0.349391
v 3.695796 0.375608 0.255285
v 3.611657 0.524755 0.423680
v 3.615176 0.374945 0.320130
v 3.750507 1.009573 -0.062139
v 3.672272 1.038426 -0.028337
v 3.607719 1.085686 -0.006009
v 3.808749 0.300463 0.058312
v 3.926156 0.321978 -0.001202
v 3.702632 0.282529 0.116712
v 3.618608 0.272816 0.168517
v 4.044046 0.342435 -0.056347
v -1.318358 0.362087 -0.271745
v -1.317004 0.338860 -0.403502
v -1.320784 0.424781 -0.157123
v -1.346823 0.904604 -0.544950
v -1.339802 0.841825 -0.640167
v -1.332166 0.744454 -0.100093
v -1.325814 0.631791 -0.060083
v -1.322644 0.519958 -0.698846
v -1.325814 0.631950 -0.722991
v -1.183240 0.543570 -0.730860
v -1.320784 0.424781 -0.632945
v -1.332166 0.745090 -0.701473
v -1.322644 0.519957 -0.082831
v -1.318358 0.362087 -0.529200
v -0.904404 1.181942 -0.553158
v -0.906479 1.217709 -0.356432
v -0.900239 1.074689 -0.704124
v -0.896043 0.916463 -0.796178
v -0.893372 0.738646 -0.824447
v -0.893781 0.572622 -0.784054
v -0.895183 0.436935 -0.675231
v -0.991163 0.574823 -0.771976
v -0.895492 0.350134 -0.498204
v -0.895372 0.318904 -0.275397
v -0.904404 1.161477 -0.127099
v -0.900239 1.041510 0.096381
v -0.893781 0.562497 0.330588
v -0.895183 0.434152 0.189648
v -0.893372 0.718595 0.367813
v -0.895492 0.349932 -0.029230
v -0.896043 0.886074 0.275548
v -1.080197 0.563499 -0.754741
vn -0.1410 0.9185 -0.3694
vn -0.3416 0.9398 -0.0020
vn -0.1405 0.9901 -0.0018
vn -0.0030 0.9269 -0.3752
vn 0.0018 0.7135 -0.7007
vn -0.1374 0.7109 -0.6897
vn -0.3421 0.8716 -0.3510
vn 0.5123 0.7888 -0.3396
vn 0.3383 0.9410 -0.0024
vn 0.5059 0.8626 -0.0026
vn 0.6534 0.6947 -0.3008
vn 0.5067 0.5813 -0.6366
vn 0.3360 0.6535 -0.6783
vn 0.3385 0.8676 -0.3642
vn -0.4857 0.8057 -0.3391
vn -0.6690 0.7412 0.0559
vn -0.6849 0.6530 -0.3233
vn -0.4356 0.8993 0.0377
vn -0.4493 0.7916 -0.4141
vn -0.3898 0.5631 -0.7287
vn -0.6054 0.4976 -0.6212
vn 0.4009 0.8837 0.2417
vn 0.2370 0.8452 0.4790
vn 0.3879 0.8050 0.4489
vn 0.5463 0.8093 0.2156
vn 0.5650 0.8250 -0.0131
vn 0.4228 0.9061 -0.0138
vn 0.2623 0.9279 0.2649
vn -0.5546 0.7702 -0.3150
vn -0.6980 0.7161 -0.0011
vn -0.5549 0.8319 -0.0016
vn -0.3343 0.6769 -0.6558
vn -0.5426 0.5997 -0.5882
vn -0.6968 0.6620 -0.2762
vn 0.6871 0.6718 -0.2768
vn 0.6805 0.7327 -0.0105
vn 0.7232 0.6394 -0.2610
vn 0.6509 0.4903 -0.5796
vn 0.5374 0.5423 -0.6459
vn 0.5709 0.7574 -0.3169
vn 0.3401 0.3097 -0.8879
vn 0.4918 0.2518 -0.8335
vn 0.6502 0.5015 -0.5707
vn 0.6235 0.2008 -0.7556
vn 0.4651 -0.1482 -0.8728
vn 0.3442 -0.1042 -0.9331
vn -0.4935 0.2699 -0.8268
vn -0.4128 0.6035 -0.6821
vn -0.2963 0.2987 -0.9072
vn -0.1919 -0.0116 -0.9813
vn -0.3851 -0.0297 -0.9224
vn -0.3456 0.3012 -0.8887
vn 0.0811 -0.5912 -0.8025
vn 0.2239 -0.2504 -0.9419
vn 0.1470 -0.5718 -0.8071
vn 0.3009 -0.2269 -0.9263
vn 0.1764 -0.5566 -0.8119
vn 0.1352 -0.7755 -0.6168
vn 0.0514 -0.7835 -0.6193
vn -0.5044 0.3458 -0.7912
vn -0.6868 0.5160 -0.5118
vn -0.3072 0.3806 -0.8722
vn -0.2519 0.0129 -0.9677
vn -0.4334 0.0180 -0.9010
vn -0.6536 0.3060 -0.6922
vn 0.4413 0.1819 -0.8787
vn 0.5374 0.1731 -0.8254
vn 0.6802 0.4762 -0.5573
vn 0.5468 0.1761 -0.8185
vn 0.3500 -0.2210 -0.9103
vn -0.1225 0.3903 -0.9125
vn 0.0189 0.3804 -0.9246
vn 0.0564 -0.0288 -0.9980
vn -0.0846 -0.0032 -0.9964
vn 0.3555 -0.4562 -0.8158
vn 0.4436 -0.4794 -0.7572
vn 0.5763 -0.1795 -0.7973
vn 0.5246 -0.4899 -0.6963
vn 0.4525 -0.6378 -0.6233
vn 0.3813 -0.6395 -0.6676
vn -0.2811 -0.3921 -0.8759
vn -0.3142 -0.0467 -0.9482
vn -0.0791 -0.3724 -0.9247
vn 0.0219 -0.7212 -0.6924
vn -0.1873 -0.7401 -0.6459
vn -0.3006 -0.4239 -0.8544
vn 0.2022 -0.9085 -0.3658
vn 0.1899 -0.9129 -0.3613
vn 0.3171 -0.9484 -0.0019
vn 0.3272 -0.9449 -0.0113
vn 0.0994 -0.9191 -0.3812
vn -0.3379 -0.3385 -0.8782
vn -0.5875 0.0242 -0.8088
vn -0.1766 -0.3583 -0.9168
vn -0.1374 -0.6464 -0.7505
vn -0.2800 -0.6340 -0.7208
vn -0.4913 -0.3081 -0.8147
vn 0.1624 -0.5569 -0.8145
vn 0.3217 -0.2214 -0.9206
vn 0.1067 -0.5629 -0.8196
vn 0.0713 -0.7813 -0.6201
vn 0.1354 -0.7730 -0.6198
vn -0.0284 -0.3777 -0.9255
vn 0.1051 -0.3951 -0.9126
vn 0.1273 -0.6436 -0.7547
vn -0.0109 -0.6469 -0.7625
vn 0.3727 -0.7811 -0.5010
vn 0.4321 -0.7590 -0.4871
vn 0.5003 -0.6313 -0.5926
vn 0.4546 -0.7417 -0.4932
vn 0.3016 -0.9405 -0.1564
vn 0.2697 -0.9529 -0.1390
vn -0.1131 -0.9434 -0.3119
vn -0.2833 -0.7488 -0.5993
vn 0.0958 -0.9343 -0.3433
vn 0.1445 -0.9893 -0.0199
vn -0.0558 -0.9984 -0.0072
vn -0.2559 -0.9258 -0.2783
vn 0.4340 -0.8260 0.3596
vn 0.2207 -0.9748 -0.0312
vn 0.4393 -0.8218 0.3628
vn 0.5216 -0.5942 0.6123
vn 0.4795 -0.6069 0.6339
vn 0.3446 -0.8675 0.3588
vn -0.3311 -0.8313 -0.4464
vn -0.4164 -0.6112 -0.6731
vn -0.2138 -0.8396 -0.4993
vn -0.4210 -0.8928 -0.1600
vn -0.5056 -0.8514 -0.1391
vn -0.4314 -0.8074 -0.4024
vn 0.3806 -0.8480 0.3689
vn 0.2228 -0.9749 0.0034
vn 0.3325 -0.8681 0.3685
vn 0.5148 -0.6127 0.5996
vn 0.5262 -0.6011 0.6014
vn -0.0899 -0.8375 -0.5390
vn 0.0818 -0.8309 -0.5503
vn -0.1946 -0.9650 -0.1758
vn -0.3219 -0.9309 -0.1726
vn 0.1252 -0.9204 0.3704
vn 0.0979 -0.9286 0.3580
vn 0.3061 -0.9312 -0.1979
vn 0.0689 -0.9445 0.3213
vn 0.0400 -0.6267 0.7782
vn 0.1160 -0.6345 0.7642
vn -0.0077 -0.9708 0.2396
vn -0.2188 -0.9758 -0.0025
vn 0.1714 -0.9552 0.2412
vn 0.1985 -0.8544 0.4802
vn 0.0160 -0.8826 0.4698
vn -0.1749 -0.9585 0.2254
vn 0.4884 -0.2766 0.8276
vn 0.3875 -0.6329 0.6703
vn 0.5851 -0.2690 0.7650
vn 0.6094 0.1930 0.7690
vn 0.4712 0.2260 0.8526
vn 0.3510 -0.2850 0.8919
vn -0.5535 -0.8186 0.1534
vn -0.4469 -0.8748 0.1871
vn -0.3211 -0.9177 0.2339
vn -0.4648 -0.6893 0.5557
vn -0.5814 -0.6526 0.4859
vn 0.0850 -0.9338 -0.3475
vn -0.0649 -0.7834 -0.6181
vn -0.0117 -0.7712 -0.6365
vn 0.1859 -0.9151 -0.3577
vn 0.2976 -0.9547 -0.0008
vn 0.2184 -0.9759 -0.0003
vn 0.0454 -0.9389 -0.3411
vn -0.1807 -0.9416 0.2841
vn -0.0099 -0.9860 -0.1664
vn -0.0250 -0.9445 0.3275
vn -0.1119 -0.7284 0.6760
vn -0.2925 -0.7214 0.6277
vn 0.1895 -0.2388 0.9524
vn 0.0278 -0.2140 0.9764
vn 0.2489 0.1796 0.9517
vn 0.4011 0.1470 0.9041
vn 0.2567 -0.2710 0.9277
vn -0.2102 -0.6370 0.7416
vn -0.0545 -0.6364 0.7694
vn 0.2029 -0.5969 0.7762
vn -0.2590 -0.0348 0.9653
vn -0.3586 -0.0532 0.9320
vn 0.2465 0.6619 0.7079
vn 0.4154 0.6242 0.6617
vn 0.5666 0.5624 0.6021
vn -0.6118 -0.3198 0.7235
vn -0.5255 -0.3308 0.7838
vn -0.3282 -0.3550 0.8753
vn -0.6003 0.1104 0.7921
vn -0.6794 0.0936 0.7278
vn 0.6472 -0.2734 0.7116
vn 0.6694 -0.2803 0.6880
vn 0.7556 0.1060 0.6464
vn 0.7128 0.1406 0.6871
vn -0.1003 -0.3658 0.9253
vn 0.0365 -0.7092 0.7041
vn 0.0923 -0.3519 0.9315
vn -0.1228 0.1628 0.9790
vn -0.3851 0.1446 0.9115
vn 0.4777 0.4608 0.7479
vn 0.4086 0.1525 0.8999
vn 0.4319 0.4617 0.7748
vn 0.5354 0.6297 0.5629
vn 0.4656 0.6786 0.5681
vn 0.4066 0.5182 0.7524
vn -0.4017 0.5260 0.7496
vn -0.4193 0.5273 0.7390
vn 0.0682 0.0441 0.9967
vn -0.1223 0.5991 0.7913
vn -0.4997 0.6911 0.5221
vn -0.3964 0.7332 0.5526
vn -0.7011 0.4139 0.5806
vn -0.5947 0.4812 0.6440
vn -0.3780 0.5699 0.7296
vn -0.5561 0.6745 0.4856
vn -0.6922 0.5776 0.4327
vn 0.6922 0.4800 0.5390
vn 0.7482 0.4249 0.5095
vn 0.7200 0.5969 0.3538
vn 0.6640 0.6509 0.3681
vn -0.1366 0.6131 0.7781
vn 0.1128 0.1646 0.9799
vn 0.0681 0.6079 0.7911
vn -0.1363 0.8130 0.5660
vn -0.3447 0.7697 0.5373
vn -0.6783 0.6145 -0.4028
vn -0.6596 0.7516 -0.0000
vn -0.5894 0.7715 -0.2396
vn -0.4477 0.8942 0.0000
vn -0.4301 0.8570 -0.2839
vn -0.4056 0.7327 -0.5464
vn 0.4490 0.8329 -0.3235
vn 0.3633 0.9316 -0.0094
vn 0.5556 0.8314 -0.0118
vn 0.5046 0.6205 -0.6003
vn 0.2472 0.6913 -0.6789
vn 0.2914 0.8940 -0.3404
vn -0.6824 0.0873 -0.7257
vn -0.5664 0.4170 -0.7108
vn -0.3349 0.4620 -0.8212
vn -0.2665 0.0242 -0.9635
vn 0.3539 0.3294 -0.8754
vn 0.4229 -0.0219 -0.9059
vn 0.1275 -0.0978 -0.9870
vn 0.1547 0.3397 -0.9277
vn -0.4866 -0.6789 -0.5498
vn -0.4382 -0.4158 -0.7969
vn -0.1633 -0.4567 -0.8745
vn -0.0943 -0.8070 -0.5829
vn 0.2837 -0.4288 -0.8577
vn 0.3931 -0.6572 -0.6431
vn 0.1374 -0.7443 -0.6536
vn 0.0882 -0.4679 -0.8794
vn -0.3261 -0.9453 0.0000
vn -0.2593 -0.9284 -0.2663
vn -0.0572 -0.9540 -0.2944
vn -0.0507 -0.9987 0.0000
vn 0.3451 -0.8660 -0.3619
vn 0.5150 -0.8571 0.0124
vn -0.4866 -0.6789 0.5498
vn -0.2592 -0.9284 0.2663
vn -0.0572 -0.9540 0.2944
vn -0.0943 -0.8071 0.5829
vn 0.5093 -0.7857 0.3511
vn 0.6549 -0.4484 0.6083
vn 0.4983 -0.5511 0.6693
vn 0.4035 -0.8344 0.3753
vn -0.6824 0.0873 0.7258
vn -0.4382 -0.4158 0.7969
vn -0.1633 -0.4567 0.8745
vn -0.2665 0.0243 0.9635
vn 0.6042 -0.1621 0.7802
vn 0.6654 0.1769 0.7253
vn 0.5415 0.1745 0.8224
vn 0.5349 -0.1838 0.8247
vn -0.6783 0.6145 0.4028
vn -0.5664 0.4170 0.7108
vn -0.3349 0.4620 0.8212
vn -0.4056 0.7327 0.5464
vn 0.5784 0.4598 0.6738
vn 0.6110 0.6346 0.4732
vn 0.4615 0.7143 0.5261
vn 0.5021 0.4852 0.7158
vn 0.4811 0.8155 0.3216
vn 0.3374 0.7412 0.5803
vn 0.6011 0.7365 0.3104
vn 0.6388 0.7694 0.0058
vn 0.3262 0.8827 0.3384
vn -0.4277 0.8211 0.3781
vn -0.5805 0.7384 0.3432
vn -0.2580 0.7729 0.5797
vn -0.3569 0.8497 0.3881
vn -0.4872 0.8696 0.0798
vn 0.2237 0.1642 -0.9607
vn 0.3996 0.5806 -0.7094
vn 0.3232 0.1767 -0.9297
vn 0.1510 -0.2753 -0.9494
vn -0.6943 0.6734 0.2540
vn -0.5507 0.7837 0.2875
vn -0.3389 0.8853 0.3183
vn 0.6649 0.7217 0.1926
vn 0.5385 0.7367 0.4090
vn 0.7106 0.6787 0.1855
vn 0.7197 0.6942 -0.0089
vn -0.1382 0.9319 0.3355
vn 0.0212 0.8142 0.5801
vn 0.0027 0.9392 0.3433
vn -0.5894 0.7715 0.2396
vn -0.4301 0.8570 0.2839
vn 0.5170 0.8140 0.2649
vn 0.3980 0.8712 0.2874
vn -0.1094 0.9223 -0.3707
vn 0.3809 0.9219 0.0715
vn -0.1530 0.9856 0.0724
vn -0.2676 0.9626 0.0415
vn -0.2473 0.8913 -0.3800
vn -0.2161 0.6280 -0.7476
vn -0.0622 0.6552 -0.7529
vn 0.4285 0.8406 -0.3313
vn 0.4432 0.2063 -0.8723
vn -0.0070 0.2061 -0.9785
vn -0.1580 0.1883 -0.9693
vn -0.1294 -0.3024 -0.9443
vn 0.0095 -0.3065 -0.9518
vn 0.4028 -0.2645 -0.8762
vn 0.3406 -0.5798 -0.7401
vn 0.0006 -0.6263 -0.7796
vn -0.1455 -0.6205 -0.7706
vn 0.0204 -0.7357 -0.6770
vn 0.3146 -0.6916 -0.6501
vn 0.2926 -0.7750 -0.5602
vn 0.0752 -0.8152 -0.5743
vn -0.1381 -0.7416 -0.6565
vn -0.0581 -0.8359 -0.5458
vn 0.0841 -0.9564 -0.2796
vn 0.2016 -0.9381 -0.2818
vn -0.0215 -0.9726 0.2317
vn -0.0658 -0.9706 0.2315
vn 0.0160 -0.9685 -0.2486
vn -0.0381 -0.9670 0.2521
vn -0.2950 -0.6626 0.6884
vn -0.2652 -0.6655 0.6977
vn -0.3755 -0.2121 0.9022
vn -0.4566 -0.2052 0.8657
vn -0.1967 -0.6678 0.7179
vn -0.3657 -0.2122 0.9062
vn -0.5264 0.2066 0.8248
vn -0.3446 0.2138 0.9141
vn -0.4722 0.5304 0.7041
vn -0.4786 0.2243 0.8489
vn -0.4789 0.5610 0.6752
vn -0.4106 0.7391 0.5340
vn -0.3480 0.7287 0.5898
vn -0.1443 0.5514 0.8217
vn -0.2336 0.8848 0.4031
vn 0.1152 0.7486 0.6529
vn -0.3253 0.8784 0.3503
vn 0.2871 0.8638 0.4141
vn -0.1163 0.2779 -0.9536
vn 0.0414 0.6978 -0.7151
vn -0.0459 0.3128 -0.9487
vn -0.0823 -0.1409 -0.9866
vn -0.1575 -0.1722 -0.9724
vn 0.2810 -0.9274 -0.2468
vn 0.0330 -0.9612 0.2737
vn -0.1613 -0.6515 0.7413
vn -0.0588 -0.6354 0.7699
vn 0.2568 0.5128 0.8192
vn -0.0231 0.2172 0.9759
vn 0.4916 0.6434 0.5868
vn -0.1779 -0.2047 0.9625
vn 0.4897 -0.6361 -0.5963
vn 0.4277 -0.7398 -0.5194
vn 0.6145 0.7167 0.3298
vn 0.6713 0.7405 0.0306
vn 0.6144 -0.2010 -0.7630
vn 0.5392 -0.5054 -0.6737
vn 0.2608 0.9205 0.2909
vn 0.3696 0.7538 0.5433
vn 0.2825 0.9122 0.2970
vn 0.2111 0.9774 -0.0129
vn 0.1690 0.9856 -0.0073
vn 0.7003 0.4737 -0.5340
vn 0.6705 0.1836 -0.7188
vn 0.4499 0.5968 -0.6644
vn 0.6973 0.6626 -0.2732
vn -0.1374 -0.5309 -0.8363
vn -0.0743 -0.5060 -0.8593
vn 0.4948 0.5028 0.7088
vn 0.5079 0.1709 0.8443
vn 0.4488 0.5048 0.7374
vn 0.3804 0.7574 0.5306
vn 0.0838 0.9279 -0.3634
vn 0.1292 0.9256 -0.3559
vn -0.0209 0.6898 -0.7237
vn 0.0982 -0.9297 -0.3550
vn 0.0104 -0.7889 -0.6145
vn 0.0368 -0.9374 -0.3462
vn 0.1589 -0.9873 0.0038
vn 0.5049 -0.2060 0.8382
vn 0.4546 -0.5847 0.6719
vn 0.4522 -0.5775 0.6797
vn 0.5347 -0.2225 0.8152
vn -0.6233 0.7289 0.2833
vn -0.6269 0.5769 0.5237
vn -0.6364 0.5865 0.5010
vn -0.6189 0.7334 0.2812
vn -0.6042 0.7968 -0.0061
vn -0.6143 0.7890 -0.0074
vn -0.6342 0.7181 0.2868
vn -0.6116 0.7290 -0.3075
vn -0.5400 0.8417 -0.0002
vn -0.6310 0.7758 -0.0013
vn -0.6113 0.7261 -0.3147
vn -0.5485 0.5770 -0.6051
vn -0.5582 0.5832 -0.5902
vn -0.5201 0.7891 -0.3268
vn -0.4665 0.3415 -0.8159
vn -0.4636 0.6302 -0.6229
vn -0.4503 0.3292 -0.8299
vn -0.3298 0.0018 -0.9441
vn -0.3453 0.0137 -0.9384
vn -0.3681 0.3650 -0.8552
vn -0.2061 -0.3577 -0.9108
vn -0.2495 0.0059 -0.9684
vn -0.1954 -0.3669 -0.9095
vn -0.0711 -0.7010 -0.7096
vn -0.0822 -0.6933 -0.7160
vn -0.1308 -0.3840 -0.9140
vn -0.0006 -0.9187 -0.3950
vn -0.0454 -0.7143 -0.6984
vn 0.0091 -0.9210 -0.3894
vn 0.0146 -0.9999 -0.0047
vn 0.0202 -0.9998 -0.0035
vn 0.0002 -0.9262 -0.3771
vn 0.0002 -0.9264 0.3767
vn -0.0205 -0.9214 0.3880
vn -0.0651 -0.9274 0.3683
vn -0.1234 -0.6989 0.7045
vn -0.0458 -0.7163 0.6962
vn -0.1332 -0.3887 0.9117
vn -0.2685 -0.3615 0.8929
vn -0.2268 -0.7059 0.6710
vn -0.4135 -0.3536 0.8390
vn -0.4147 0.0181 0.9098
vn -0.2557 0.0042 0.9668
vn -0.3746 0.3670 0.8515
vn -0.5179 0.3461 0.7823
vn -0.5512 0.0309 0.8338
vn -0.6095 0.3486 0.7121
vn -0.5832 0.5815 0.5672
vn -0.4669 0.6313 0.6193
vn -0.5209 0.7891 0.3254
vn -0.6188 0.7263 0.2993
vn -0.7095 0.6474 -0.2782
vn -0.3857 0.9226 0.0025
vn -0.7089 0.7054 -0.0007
vn -0.7122 0.4935 -0.4993
vn -0.4124 0.8234 -0.3897
vn -0.5163 -0.7737 -0.3672
vn -0.5447 -0.5757 -0.6099
vn -0.5220 -0.5797 -0.6257
vn -0.5754 -0.8097 -0.1157
vn -0.6032 -0.7920 -0.0946
vn -0.5522 -0.7582 -0.3468
vn -0.0954 0.9147 0.3927
vn -0.1736 0.8100 0.5602
vn -0.1550 0.8022 0.5766
vn -0.0419 0.9964 0.0737
vn -0.0780 0.9268 0.3673
vn -0.5862 -0.2796 -0.7604
vn -0.5613 0.0216 -0.8273
vn -0.6571 0.0318 -0.7532
vn -0.5568 -0.2906 -0.7781
vn -0.6573 -0.7414 0.1350
vn -0.6343 -0.7614 0.1336
vn -0.6458 -0.6293 0.4324
vn -0.6361 -0.6504 0.4151
vn -0.3556 0.6981 0.6214
vn -0.4094 0.8540 0.3210
vn -0.4306 0.9026 -0.0000
vn -0.4794 -0.4392 0.7598
vn -0.5978 -0.3509 0.7207
vn -0.6189 0.0884 0.7804
vn -0.3380 0.0546 0.9396
vn 0.0147 -0.9474 -0.3197
vn -0.0216 -0.7506 -0.6604
vn -0.0289 -0.7583 -0.6512
vn -0.0711 -0.7630 -0.6424
vn -0.0612 -0.9513 -0.3022
vn -0.0365 -0.9993 -0.0057
vn 0.0043 -1.0000 -0.0066
vn 0.0376 -0.9401 -0.3387
vn -0.3449 0.5269 0.7768
vn -0.6718 0.4241 0.6073
vn -0.6974 0.5685 0.4364
vn -0.3911 0.7224 0.5702
vn -0.1620 0.0030 0.9868
vn -0.2682 0.4181 0.8679
vn -0.3954 0.8499 0.3484
vn -0.7061 0.6603 0.2557
vn -0.0222 -0.7602 0.6493
vn -0.0720 -0.4300 0.8999
vn -0.3018 -0.9275 0.2204
vn -0.3018 -0.9534 0.0006
vn -0.3184 -0.9479 -0.0014
vn -0.1504 -0.8787 0.4530
vn -0.3051 -0.8365 0.4551
vn -0.3391 -0.9122 0.2300
vn 0.3126 0.1635 0.9357
vn 0.2626 0.5756 0.7744
vn 0.1849 0.7889 0.5860
vn -0.6981 0.2911 -0.6542
vn -0.4800 0.5865 -0.6524
vn -0.5336 0.3162 -0.7844
vn 0.0158 0.9306 -0.3657
vn 0.0018 0.9992 0.0410
vn 0.0193 0.6855 -0.7278
vn 0.0747 0.6873 -0.7226
vn 0.0683 0.9246 -0.3747
vn -0.2683 0.5886 0.7626
vn -0.4940 0.1277 0.8600
vn -0.3909 0.0475 0.9192
vn -0.3243 0.6049 0.7273
vn -0.4092 0.8541 -0.3212
vn -0.3547 0.6982 -0.6219
vn -0.1337 -0.9491 0.2851
vn -0.1949 -0.9445 0.2643
vn -0.1248 -0.9922 -0.0010
vn -0.2667 -0.9302 0.2521
vn -0.4325 -0.7519 0.4976
vn -0.3634 -0.7610 0.5374
vn -0.0712 -0.4298 -0.9001
vn -0.1603 0.0031 -0.9871
vn -0.0221 -0.7602 -0.6493
vn -0.1485 -0.4224 -0.8942
vn -0.1149 -0.0388 -0.9926
vn -0.2163 -0.4331 -0.8750
vn -0.2959 -0.7487 -0.5932
vn -0.2322 -0.7565 -0.6114
vn -0.0072 -0.9419 -0.3357
vn 0.0127 -0.9999 -0.0000
vn -0.0047 -1.0000 -0.0000
vn -0.2664 0.4180 -0.8685
vn -0.0072 -0.9419 0.3357
vn 0.0943 -0.3536 -0.9306
vn 0.0085 0.0021 -1.0000
vn -0.0351 -0.3465 -0.9374
vn -0.0083 -0.6901 -0.7237
vn 0.1724 -0.6915 -0.7015
vn 0.1731 -0.9739 -0.1468
vn 0.0988 -0.9289 0.3570
vn 0.1365 -0.6696 0.7301
vn -0.2985 0.0186 -0.9542
vn -0.3485 -0.3266 -0.8785
vn -0.3745 -0.6360 -0.6747
vn 0.0288 0.3553 -0.9343
vn -0.0286 0.3406 -0.9398
vn -0.0502 -0.0207 -0.9985
vn -0.3622 -0.5607 0.7446
vn -0.4157 -0.7794 0.4687
vn -0.5129 -0.4566 0.7270
vn -0.2769 -0.9205 -0.2759
vn -0.3264 -0.9067 -0.2671
vn -0.1296 -0.5199 0.8443
vn 0.0476 -0.8524 0.5207
vn -0.4007 -0.7779 0.4840
vn 0.1134 0.0804 0.9903
vn 0.2548 -0.5202 0.8152
vn 0.3697 0.0860 0.9252
vn 0.1878 0.6081 0.7713
vn 0.3744 0.1046 0.9213
vn 0.2681 0.5898 0.7617
vn 0.0417 0.7995 0.5992
vn -0.6869 0.4090 0.6008
vn -0.7019 0.0237 0.7119
vn -0.7289 0.0579 0.6821
vn -0.6266 0.4742 0.6184
vn -0.5391 0.6851 0.4898
vn -0.6262 0.6219 0.4703
vn -0.6891 0.3709 0.6225
vn -0.5270 0.7727 -0.3538
vn -0.5741 0.8188 -0.0007
vn -0.4109 0.8337 -0.3690
vn -0.3327 0.6298 -0.7019
vn -0.4425 0.5892 -0.6761
vn -0.5633 0.7490 -0.3489
vn -0.5896 -0.4092 0.6964
vn -0.6439 -0.3960 0.6546
vn -0.4704 -0.7414 0.4787
vn -0.6491 -0.3872 0.6548
vn -0.5923 0.7538 0.2845
vn -0.6471 0.5919 0.4806
vn -0.4933 0.8141 0.3064
vn -0.4659 0.8848 0.0074
vn -0.3367 0.3044 -0.8911
vn -0.4809 0.5729 -0.6638
vn -0.2508 0.3246 -0.9120
vn -0.1807 -0.0327 -0.9830
vn -0.2296 -0.0418 -0.9724
vn -0.3694 0.2967 -0.8806
vn -0.0834 0.9963 0.0213
vn -0.0934 0.8842 -0.4576
vn 0.1099 0.9939 0.0113
vn 0.0845 0.8899 -0.4482
vn -0.0848 0.6195 -0.7804
vn -0.0437 0.9131 0.4053
vn 0.1542 0.7859 0.5988
vn 0.1085 0.9130 0.3933
vn 0.0381 0.7879 0.6147
vn 0.0411 0.9210 0.3874
vn 0.0657 0.9978 0.0058
vn 0.3768 -0.5392 0.7532
vn 0.2760 -0.8291 0.4863
vn 0.1550 0.9253 0.3461
vn 0.1514 0.9885 -0.0021
vn -0.0028 1.0000 -0.0012
vn 0.2466 -0.9422 0.2269
vn 0.2473 -0.9682 -0.0382
vn -0.0216 -0.9763 0.2154
vn 0.0193 0.8960 -0.4437
vn -0.0938 0.6473 -0.7564
vn 0.0269 0.6395 -0.7683
vn 0.2221 -0.9068 -0.3582
vn 0.0079 -0.9213 -0.3887
vn 0.0011 -0.9978 -0.0656
vn -0.0530 0.3234 -0.9448
vn -0.0228 0.3417 -0.9395
vn -0.0472 0.0154 -0.9988
vn -0.2092 0.3467 -0.9143
vn -0.4769 -0.8617 0.1731
vn -0.4377 -0.8952 -0.0835
vn 0.1006 0.5809 0.8078
vn -0.3957 -0.8387 -0.3741
vn 0.1519 0.9140 -0.3761
vn 0.1531 0.6980 -0.6995
vn 0.2736 -0.6420 -0.7162
vn 0.2582 -0.8080 -0.5295
vn 0.2378 -0.4238 -0.8740
vn 0.1924 -0.0628 -0.9793
vn 0.2419 -0.3148 0.9178
vn 0.1656 0.3554 -0.9199
vn 0.1528 0.9882 -0.0085
vn 0.2976 0.8743 -0.3835
vn 0.1658 0.9008 -0.4014
vn 0.1606 0.6055 -0.7795
vn 0.0337 0.6128 -0.7895
vn 0.0205 0.9137 -0.4058
vn -0.0005 1.0000 0.0017
vn -0.1431 0.9895 0.0224
vn -0.1196 0.9097 -0.3976
vn -0.0940 0.6241 -0.7757
vn 0.1326 0.1520 -0.9794
vn 0.2782 0.5976 -0.7520
vn 0.0804 -0.2990 -0.9509
vn 0.0068 -0.3161 -0.9487
vn 0.0392 0.1488 -0.9881
vn -0.0543 0.1632 -0.9851
vn -0.0633 -0.3168 -0.9464
vn 0.0075 -0.6101 -0.7923
vn -0.0398 -0.7830 -0.6207
vn -0.1071 -0.7739 -0.6242
vn -0.0631 -0.6239 -0.7790
vn -0.1196 -0.6257 -0.7709
vn -0.1451 -0.7569 -0.6372
vn -0.0096 -0.9158 -0.4016
vn 0.1038 -0.9918 -0.0743
vn -0.0569 -0.8952 -0.4421
vn -0.0821 -0.8631 -0.4984
vn 0.0105 -0.9805 -0.1964
vn 0.2386 -0.9125 0.3324
vn 0.2761 -0.6555 0.7029
vn 0.1200 -0.6763 0.7268
vn 0.1355 -0.9432 0.3034
vn 0.0569 -0.9895 -0.1329
vn 0.0334 -0.9603 0.2771
vn -0.0398 -0.6811 0.7311
vn 0.1944 -0.2831 0.9392
vn 0.0987 0.2479 0.9637
vn -0.1228 0.2471 0.9612
vn 0.0014 -0.2693 0.9631
vn -0.1913 -0.2422 0.9512
vn -0.3229 0.2390 0.9158
vn 0.0573 0.6761 0.7346
vn 0.2960 0.2407 0.9244
vn 0.0719 0.8601 0.5051
vn -0.1501 0.6608 0.7354
vn -0.3364 0.6176 0.7109
vn -0.1127 0.8452 0.5225
vn -0.2819 0.8011 0.5280
vn 0.1150 0.9510 0.2868
vn 0.2903 0.9568 -0.0125
vn -0.0524 0.9498 0.3085
vn -0.2073 0.9209 0.3300
vn 0.4280 0.8307 -0.3559
vn -0.0960 -0.5416 -0.8351
vn -0.0459 -0.7875 -0.6146
vn -0.0430 -0.5566 -0.8297
vn -0.0836 -0.1899 -0.9782
vn 0.0295 -0.5634 -0.8256
vn 0.0447 -0.2118 -0.9763
vn -0.0271 -0.7921 -0.6098
vn 0.2062 -0.2191 -0.9537
vn -0.0064 0.2620 -0.9650
vn 0.2071 0.2356 -0.9495
vn 0.1131 0.6759 -0.7283
vn 0.4363 0.2028 -0.8766
vn 0.3708 0.6222 -0.6894
vn 0.5986 0.5285 -0.6019
vn 0.0522 -0.9391 -0.3397
vn 0.1904 -0.9817 0.0059
vn 0.1951 -0.9808 0.0062
vn 0.0383 -0.9402 -0.3384
vn -0.0391 -0.7918 -0.6095
vn 0.0221 -0.9397 -0.3414
vn 0.1755 -0.9845 0.0056
vn 0.1524 -0.9883 0.0048
vn 0.2170 0.9081 -0.3582
vn 0.4625 0.8245 -0.3259
vn 0.2860 0.9582 -0.0065
vn 0.6611 0.6963 -0.2795
vn 0.4973 0.8676 -0.0048
vn 0.6681 0.7440 -0.0072
vn 0.5945 0.4782 0.6465
vn 0.5591 0.1593 0.8136
vn 0.4873 0.7263 0.4848
vn 0.6124 0.6639 0.4292
vn 0.6829 0.4395 0.5835
vn 0.6454 0.1331 0.7521
vn 0.7404 0.4162 0.5278
vn 0.7089 0.1058 0.6974
vn 0.6998 0.6064 0.3775
vn 0.7491 0.0960 0.6554
vn 0.4849 -0.5903 0.6452
vn 0.5949 -0.2439 0.7659
vn 0.6341 -0.2711 0.7241
vn 0.4963 -0.6065 0.6212
vn 0.5040 -0.6143 0.6071
vn 0.6596 -0.2812 0.6970
vn 0.3688 0.8893 0.2704
vn 0.5387 0.8082 0.2380
vn 0.6724 0.7122 0.2016
vn 0.3382 -0.8611 0.3797
vn 0.3500 -0.8587 0.3745
vn 0.3383 -0.8656 0.3691
vn 0.3245 -0.8712 0.3683
vn 0.3517 -0.8556 0.3798
vn 0.0086 -1.0000 -0.0033
vn -0.1049 -0.9397 0.3255
vn -0.3070 -0.7367 0.6025
vn -0.5797 0.7418 -0.3371
vn -0.6371 0.7708 -0.0042
vn -0.5042 0.5770 -0.6425
vn -0.6414 0.0236 0.7668
vn -0.6556 0.3597 0.6639
vn -0.1518 -0.3975 -0.9050
vn -0.2756 -0.0251 -0.9609
vn -0.1295 -0.4214 -0.8976
vn -0.0413 -0.7282 -0.6841
vn -0.3960 0.3115 -0.8638
vn -0.2507 -0.0446 -0.9670
vn -0.5182 -0.3832 0.7646
vn 0.0252 -0.9315 -0.3629
vn -0.2644 0.9642 0.0211
vn -0.2034 0.9012 -0.3827
vn -0.1506 0.6691 -0.7277
vn -0.1206 0.3415 -0.9321
vn -0.1159 -0.0287 -0.9928
vn -0.1285 -0.4270 -0.8951
vn -0.1437 -0.7662 -0.6263
vn -0.1202 -0.4251 -0.8971
vn -0.1644 -0.9432 -0.2886
vn -0.2145 -0.9767 -0.0003
vn -0.3827 0.7579 0.5283
vn -0.3129 0.8866 0.3406
vn -0.6020 -0.4084 0.6862
vn -0.6283 0.1194 0.7688
vn -0.7038 0.0978 0.7036
vn -0.4570 -0.7534 0.4728
vn -0.3090 -0.9203 0.2401
vn -0.5065 0.5455 0.6677
vn -0.1220 -0.4258 -0.8965
vn -0.9853 -0.1709 -0.0000
vn 0.9899 -0.0283 -0.1393
usemtl lambert2SG
s 1
f 1//1 3//2 4//3
f 4//3 6//4 1//1
f 1//1 7//5 8//6
f 8//6 2//7 1//1
f 10//8 12//9 13//10
f 13//10 15//11 10//8
f 15//11 17//12 10//8
f 10//8 18//13 11//14
f 20//15 22//16 19//17
f 19//17 23//18 24//19
f 19//17 25//20 26//21
f 26//21 20//15 19//17
f 28//22 30//23 31//24
f 31//24 33//25 28//22
f 28//22 34//26 35//27
f 35//27 29//28 28//22
f 37//29 39//30 40//31
f 40//31 2//7 37//29
f 37//29 9//32 41//33
f 41//33 38//34 37//29
f 43//35 34//26 45//36
f 45//36 47//37 43//35
f 47//37 49//38 43//35
f 43//35 50//39 44//40
f 52//41 17//12 51//42
f 51//42 16//43 53//44
f 53//44 55//45 51//42
f 51//42 56//46 52//41
f 57//47 27//48 26//21
f 26//21 59//49 57//47
f 57//47 60//50 61//51
f 61//51 58//52 57//47
f 64//53 66//54 63//55
f 63//55 67//56 68//57
f 68//57 70//58 63//55
f 63//55 71//59 64//53
f 72//60 42//61 41//33
f 41//33 74//62 72//60
f 72//60 75//63 76//64
f 76//64 73//65 72//60
f 79//66 49//38 78//67
f 78//67 48//68 80//69
f 80//69 82//70 78//67
f 78//67 67//56 79//66
f 83//71 9//32 8//6
f 8//6 84//72 83//71
f 83//71 85//73 86//74
f 86//74 74//62 83//71
f 88//75 55//45 87//76
f 87//76 54//77 89//78
f 89//78 91//79 87//76
f 87//76 92//80 88//75
f 93//81 62//82 61//51
f 61//51 95//83 93//81
f 93//81 96//84 97//85
f 97//85 94//86 93//81
f 99//87 71//59 70//58
f 70//58 101//88 99//87
f 99//87 102//89 103//90
f 103//90 100//91 99//87
f 105//92 77//93 76//64
f 76//64 107//94 105//92
f 105//92 108//95 109//96
f 109//96 106//97 105//92
f 68//57 82//70 111//98
f 111//98 81//99 112//100
f 112//100 114//101 111//98
f 111//98 69//102 68//57
f 115//103 75//63 86//74
f 86//74 116//104 115//103
f 115//103 117//105 118//106
f 118//106 107//94 115//103
f 120//107 91//79 119//108
f 119//108 90//109 121//110
f 121//110 123//111 119//108
f 119//108 124//112 120//107
f 125//113 98//114 97//85
f 97//85 127//115 125//113
f 125//113 128//116 129//117
f 129//117 126//118 125//113
f 131//119 104//120 103//90
f 103//90 133//121 131//119
f 131//119 134//122 135//123
f 135//123 132//124 131//119
f 137//125 110//126 109//96
f 109//96 139//127 137//125
f 139//127 141//128 137//125
f 137//125 142//129 138//130
f 143//131 102//89 144//132
f 144//132 146//133 143//131
f 143//131 147//134 148//135
f 148//135 133//121 143//131
f 139//127 118//106 149//136
f 149//136 117//105 150//137
f 150//137 152//138 149//136
f 149//136 140//139 139//127
f 154//140 123//111 153//141
f 153//141 122//142 155//143
f 155//143 157//144 153//141
f 153//141 158//145 154//140
f 159//146 130//147 129//117
f 129//117 161//148 159//146
f 159//146 162//149 163//150
f 163//150 160//151 159//146
f 165//152 136//153 135//123
f 135//123 167//154 165//152
f 165//152 168//155 169//156
f 169//156 166//157 165//152
f 172//158 141//128 171//159
f 171//159 140//139 173//160
f 173//160 175//161 171//159
f 171//159 176//162 172//158
f 177//163 179//164 180//165
f 180//165 182//166 177//163
f 177//163 183//167 184//168
f 184//168 178//169 177//163
f 173//160 152//138 186//170
f 186//170 151//171 187//172
f 187//172 189//173 186//170
f 186//170 174//174 173//160
f 190//175 158//145 157//144
f 157//144 192//176 190//175
f 190//175 193//177 194//178
f 194//178 191//179 190//175
f 197//180 163//150 196//181
f 196//181 162//149 198//182
f 198//182 200//183 196//181
f 196//181 201//184 197//180
f 203//185 169//156 202//186
f 202//186 168//155 204//187
f 204//187 31//24 202//186
f 202//186 30//23 203//185
f 206//188 175//161 205//189
f 205//189 174//174 207//190
f 207//190 209//191 205//189
f 205//189 210//192 206//188
f 211//193 134//122 148//135
f 148//135 212//194 211//193
f 211//193 213//195 214//196
f 214//196 167//154 211//193
f 207//190 189//173 215//197
f 215//197 188//198 216//199
f 216//199 218//200 215//197
f 215//197 208//201 207//190
f 219//202 195//203 194//178
f 194//178 221//204 219//202
f 219//202 222//205 223//206
f 223//206 220//207 219//202
f 226//208 200//183 225//209
f 225//209 199//210 227//211
f 227//211 229//212 225//209
f 225//209 230//213 226//208
f 232//214 209//191 231//215
f 231//215 208//201 233//216
f 233//216 235//217 231//215
f 231//215 236//218 232//214
f 237//219 168//155 214//196
f 214//196 238//220 237//219
f 237//219 239//221 240//222
f 240//222 204//187 237//219
f 233//216 218//200 241//223
f 241//223 217//224 242//225
f 242//225 244//226 241//223
f 241//223 234//227 233//216
f 246//228 248//229 245//230
f 245//230 249//231 250//232
f 245//230 251//233 246//228
f 252//234 254//235 255//236
f 255//236 257//237 252//234
f 252//234 258//238 253//239
f 260//240 246//228 259//241
f 259//241 251//233 261//242
f 259//241 262//243 260//240
f 263//244 258//238 257//237
f 257//237 265//245 263//244
f 263//244 266//246 264//247
f 268//248 260//240 267//249
f 267//249 262//243 269//250
f 267//249 270//251 268//248
f 271//252 266//246 265//245
f 265//245 273//253 271//252
f 271//252 181//254 272//255
f 275//256 268//248 274//257
f 274//257 270//251 276//258
f 274//257 277//259 275//256
f 278//260 181//254 273//253
f 273//253 279//261 278//260
f 278//260 183//167 182//166
f 281//262 275//256 280//263
f 280//263 277//259 282//264
f 280//263 283//265 281//262
f 284//266 183//167 279//261
f 279//261 286//267 284//266
f 284//266 287//268 285//269
f 289//270 281//262 288//271
f 288//271 283//265 290//272
f 288//271 291//273 289//270
f 292//274 287//268 286//267
f 286//267 294//275 292//274
f 292//274 295//276 293//277
f 297//278 289//270 296//279
f 296//279 291//273 298//280
f 296//279 299//281 297//278
f 300//282 295//276 294//275
f 294//275 302//283 300//282
f 300//282 303//284 301//285
f 304//286 224//287 223//206
f 223//206 306//288 304//286
f 304//286 14//289 13//10
f 13//10 305//290 304//286
f 308//291 229//212 307//292
f 307//292 228//293 309//294
f 309//294 22//16 307//292
f 307//292 21//295 308//291
f 311//296 313//297 310//298
f 310//298 50//39 79//66
f 79//66 66//54 310//298
f 310//298 65//299 311//296
f 315//300 235//217 314//301
f 314//301 234//227 316//302
f 316//302 40//31 314//301
f 314//301 39//30 315//300
f 317//303 32//304 240//222
f 240//222 318//305 317//303
f 317//303 46//306 45//36
f 45//36 33//25 317//303
f 316//302 244//226 319//307
f 319//307 243//308 320//309
f 320//309 4//3 319//307
f 319//307 3//2 316//302
f 248//229 297//278 321//310
f 321//310 299//281 322//311
f 321//310 249//231 248//229
f 323//312 303//284 302//283
f 302//283 255//236 323//312
f 323//312 254//235 324//313
f 325//314 327//315 328//316
f 325//314 329//317 330//318
f 325//314 331//319 332//320
f 332//320 326//321 325//314
f 335//322 332//320 334//323
f 332//320 336//324 334//323
f 334//323 337//325 338//326
f 334//323 339//327 335//322
f 341//328 338//326 340//329
f 340//329 337//325 342//330
f 342//330 344//331 340//329
f 340//329 345//332 341//328
f 347//333 344//331 346//334
f 346//334 343//335 348//336
f 348//336 350//337 346//334
f 346//334 351//338 347//333
f 353//339 350//337 352//340
f 352//340 349//341 354//342
f 354//342 356//343 352//340
f 352//340 357//344 353//339
f 359//345 356//343 358//346
f 358//346 355//347 360//348
f 360//348 362//349 358//346
f 358//346 363//350 359//345
f 364//351 363//350 362//349
f 364//351 361//352 366//353
f 364//351 367//354 368//355
f 368//355 365//356 364//351
f 370//357 369//358 368//355
f 370//357 367//354 372//359
f 372//359 328//316 370//357
f 328//316 371//360 370//357
f 374//361 376//362 373//363
f 373//363 258//238 264//247
f 264//247 377//364 373//363
f 373//363 378//365 374//361
f 155//143 380//366 379//367
f 379//367 351//338 353//339
f 353//339 381//368 379//367
f 379//367 156//369 155//143
f 382//370 193//177 383//371
f 383//371 365//356 382//370
f 382//370 369//358 384//372
f 384//372 221//204 382//370
f 385//373 156//369 381//368
f 385//373 357//344 359//345
f 385//373 363//350 383//371
f 383//371 192//176 385//373
f 121//110 387//374 386//375
f 386//375 345//332 347//333
f 347//333 380//366 386//375
f 386//375 122//142 121//110
f 388//376 222//205 384//372
f 384//372 371//360 388//376
f 388//376 327//315 389//377
f 389//377 306//288 388//376
f 89//78 391//378 390//379
f 390//379 339//327 341//328
f 341//328 387//374 390//379
f 390//379 90//109 89//78
f 393//380 395//381 392//382
f 392//382 303//284 324//313
f 324//313 396//383 392//382
f 392//382 397//384 393//380
f 53//44 399//385 398//386
f 398//386 333//387 335//322
f 335//322 391//378 398//386
f 398//386 54//77 53//44
f 400//388 14//289 389//377
f 389//377 326//321 400//388
f 400//388 333//387 399//385
f 399//385 15//11 400//388
f 402//389 377//364 401//390
f 401//390 266//246 272//255
f 272//255 180//165 401//390
f 180//165 402//389 401//390
f 404//391 406//392 403//393
f 406//392 301//285 403//393
f 301//285 395//381 403//393
f 403//393 394//394 404//391
f 408//395 396//383 407//396
f 407//396 254//235 253//239
f 253//239 376//362 407//396
f 407//396 375//397 408//395
f 409//398 69//102 114//101
f 409//398 113//399 410//400
f 409//398 145//401 144//132
f 144//132 101//88 409//398
f 411//402 413//403 414//404
f 414//404 293//277 411//402
f 411//402 295//276 406//392
f 406//392 412//405 411//402
f 415//406 417//407 418//408
f 418//408 420//409 415//406
f 415//406 421//410 422//411
f 422//411 416//412 415//406
f 424//413 426//414 427//415
f 427//415 428//416 424//413
f 424//413 429//417 430//418
f 430//418 425//419 424//413
f 432//420 431//421 430//418
f 430//418 434//422 432//420
f 432//420 435//423 436//424
f 436//424 433//425 432//420
f 438//426 437//427 436//424
f 436//424 440//428 438//426
f 438//426 441//429 442//430
f 442//430 439//431 438//426
f 444//432 443//433 442//430
f 442//430 446//434 444//432
f 444//432 447//435 448//436
f 448//436 445//437 444//432
f 451//438 448//436 450//439
f 450//439 447//435 452//440
f 452//440 454//441 450//439
f 450//439 455//442 451//438
f 457//443 454//441 456//444
f 456//444 453//445 458//446
f 458//446 460//447 456//444
f 456//444 461//448 457//443
f 463//449 460//447 462//450
f 462//450 459//451 464//452
f 464//452 465//453 462//450
f 462//450 466//454 463//449
f 468//455 465//453 467//456
f 467//456 417//407 416//412
f 416//412 427//415 467//456
f 467//456 426//414 468//455
f 469//457 471//458 472//459
f 472//459 38//34 469//457
f 469//457 42//61 473//460
f 473//460 470//461 469//457
f 475//462 477//463 478//464
f 478//464 138//130 475//462
f 138//130 479//465 475//462
f 475//462 480//466 476//467
f 481//468 483//469 484//470
f 484//470 308//291 481//468
f 481//468 21//295 485//471
f 485//471 482//472 481//468
f 487//473 489//474 490//475
f 490//475 106//97 487//473
f 487//473 110//126 478//464
f 478//464 488//476 487//473
f 492//477 479//465 491//478
f 491//478 142//129 172//158
f 172//158 493//479 491//478
f 491//478 494//480 492//477
f 322//311 496//481 495//482
f 495//482 466//454 468//455
f 468//455 497//483 495//482
f 495//482 249//231 322//311
f 499//484 493//479 498//485
f 498//485 176//162 206//188
f 206//188 500//486 498//485
f 498//485 501//487 499//484
f 502//488 504//489 505//490
f 502//488 506//491 507//492
f 507//492 509//493 502//488
f 502//488 510//494 503//495
f 512//496 500//486 511//497
f 511//497 210//192 232//214
f 232//214 513//498 511//497
f 511//497 514//499 512//496
f 298//280 516//500 515//501
f 515//501 461//448 463//449
f 463//449 496//481 515//501
f 515//501 299//281 298//280
f 518//502 513//498 517//503
f 517//503 236//218 315//300
f 315//300 472//459 517//503
f 517//503 471//458 518//502
f 290//272 520//504 519//505
f 519//505 455//442 457//443
f 457//443 516//500 519//505
f 519//505 291//273 290//272
f 521//506 523//507 524//508
f 524//508 160//151 521//506
f 521//506 164//509 525//510
f 525//510 522//511 521//506
f 242//225 528//512 527//513
f 527//513 195//203 220//207
f 220//207 529//514 527//513
f 527//513 243//308 242//225
f 530//515 474//516 473//460
f 473//460 73//65 530//515
f 530//515 77//93 490//475
f 490//475 531//517 530//515
f 532//518 486//519 485//471
f 485//471 20//15 532//518
f 532//518 27//48 534//520
f 532//518 535//521 533//522
f 536//523 538//524 539//525
f 539//525 226//208 536//523
f 536//523 230//213 484//470
f 484//470 537//526 536//523
f 540//527 249//231 497//483
f 497//483 425//419 540//527
f 540//527 431//421 541//528
f 541//528 250//232 540//527
f 543//529 509//493 542//530
f 542//530 508//531 544//532
f 544//532 546//533 542//530
f 542//530 547//534 543//529
f 548//535 262//243 549//536
f 549//536 439//431 548//535
f 548//535 443//433 550//537
f 550//537 269//250 548//535
f 552//538 554//539 551//540
f 551//540 62//82 94//86
f 94//86 555//541 551//540
f 551//540 556//542 552//538
f 557//543 270//251 550//537
f 550//537 445//437 557//543
f 557//543 449//544 558//545
f 558//545 276//258 557//543
f 559//546 251//233 541//528
f 541//528 433//425 559//546
f 559//546 437//427 549//536
f 549//536 261//242 559//546
f 282//264 558//545 560//547
f 560//547 449//544 451//438
f 451//438 520//504 560//547
f 560//547 283//265 282//264
f 561//548 60//50 562//549
f 562//549 564//550 561//548
f 561//548 565//551 566//552
f 566//552 95//83 561//548
f 187//172 568//553 567//554
f 567//554 124//112 154//140
f 154//140 569//555 567//554
f 567//554 188//198 187//172
f 564//550 571//556 570//557
f 570//557 489//474 488//476
f 488//476 572//558 570//557
f 570//557 565//551 564//550
f 574//559 534//520 573//560
f 573//560 27//48 58//52
f 58//52 554//539 573//560
f 573//560 553//561 574//559
f 575//562 526//563 525//510
f 525//510 197//180 575//562
f 575//562 201//184 539//525
f 539//525 576//564 575//562
f 578//565 555//541 577//566
f 555//541 126//118 577//566
f 577//566 130//147 524//508
f 577//566 523//507 578//565
f 579//567 581//568 582//569
f 582//569 499//484 579//567
f 579//567 501//487 583//570
f 583//570 580//571 579//567
f 227//211 586//572 585//573
f 585//573 584//574 587//575
f 587//575 589//576 585//573
f 585//573 228//293 227//211
f 590//577 592//578 593//579
f 593//579 595//580 590//577
f 590//577 596//581 597//582
f 597//582 591//583 590//577
f 598//584 421//410 600//585
f 600//585 602//586 598//584
f 598//584 603//587 604//588
f 604//588 599//589 598//584
f 607//590 546//533 606//591
f 606//591 545//592 608//593
f 608//593 593//579 606//591
f 606//591 592//578 607//590
f 609//594 419//595 597//582
f 597//582 610//596 609//594
f 609//594 601//597 600//585
f 600//585 420//409 609//594
f 611//598 605//599 604//588
f 604//588 613//600 611//598
f 611//598 614//601 615//602
f 615//602 612//603 611//598
f 24//19 618//604 617//605
f 617//605 619//606 620//607
f 620//607 622//608 617//605
f 622//608 24//19 617//605
f 309//294 589//576 623//609
f 623//609 588//610 624//611
f 624//611 618//604 623//609
f 623//609 23//18 309//294
f 624//611 626//612 625//613
f 626//612 518//502 625//613
f 625//613 471//458 627//614
f 625//613 619//606 624//611
f 628//615 162//149 629//616
f 629//616 580//571 628//615
f 628//615 584//574 586//572
f 628//615 199//210 198//182
f 320//309 529//514 630//617
f 630//617 224//287 305//290
f 630//617 12//9 631//618
f 630//617 5//619 320//309
f 632//620 128//116 633//621
f 633//621 635//622 632//620
f 632//620 581//568 629//616
f 629//616 161//148 632//620
f 620//607 627//614 636//623
f 636//623 471//458 470//461
f 470//461 637//624 636//623
f 636//623 621//625 620//607
f 638//626 96//84 566//552
f 566//552 639//627 638//626
f 638//626 634//628 633//621
f 633//621 127//115 638//626
f 640//629 25//20 622//608
f 622//608 641//630 640//629
f 640//629 563//631 562//549
f 562//549 59//49 640//629
f 641//630 637//624 642//632
f 642//632 474//516 531//517
f 531//517 571//556 642//632
f 642//632 563//631 641//630
f 643//633 634//628 644//634
f 644//634 492//477 643//633
f 643//633 494//480 582//569
f 582//569 635//622 643//633
f 587//575 583//570 645//635
f 583//570 512//496 645//635
f 645//635 514//499 626//612
f 645//635 588//610 587//575
f 646//636 565//551 572//558
f 572//558 476//467 646//636
f 646//636 480//466 644//634
f 644//634 639//627 646//636
f 647//637 5//619 631//618
f 631//618 11//14 647//637
f 647//637 18//13 648//638
f 648//638 6//4 647//637
f 150//137 650//639 649//640
f 649//640 92//80 120//107
f 120//107 568//553 649//640
f 649//640 151//171 150//137
f 651//641 85//73 652//642
f 651//641 56//46 88//75
f 88//75 650//639 651//641
f 651//641 117//105 116//104
f 216//199 569//555 653//643
f 569//555 191//179 653//643
f 653//643 195//203 528//512
f 653//643 217//224 216//199
f 654//644 7//5 648//638
f 654//644 18//13 52//41
f 52//41 652//642 654//644
f 652//642 84//72 654//644
f 656//645 657//646 655//647
f 657//646 658//648 655//647
f 655//647 659//649 660//650
f 655//647 661//651 656//645
f 663//652 660//650 662//653
f 660//650 664//654 662//653
f 664//654 330//318 662//653
f 330//318 663//652 662//653
f 665//655 312//656 311//296
f 311//296 666//657 665//655
f 665//655 667//658 668//659
f 668//659 658//648 665//655
f 669//660 659//649 668//659
f 668//659 670//661 669//660
f 669//660 337//325 336//324
f 336//324 664//654 669//660
f 671//662 65//299 64//53
f 64//53 672//663 671//662
f 671//662 673//664 674//665
f 674//665 666//657 671//662
f 675//666 667//658 674//665
f 674//665 676//667 675//666
f 675//666 343//335 342//330
f 342//330 670//661 675//666
f 672//663 100//91 677//668
f 677//668 104//120 678//669
f 678//669 680//670 677//668
f 680//670 672//663 677//668
f 681//671 673//664 680//670
f 680//670 682//672 681//671
f 681//671 349//341 348//336
f 348//336 676//667 681//671
f 678//669 132//124 683//673
f 683//673 136//153 684//674
f 683//673 685//675 686//676
f 683//673 679//677 678//669
f 687//678 679//677 686//676
f 686//676 688//679 687//678
f 687//678 355//347 354//342
f 354//342 682//672 687//678
f 689//680 136//153 166//157
f 166//157 690//681 689//680
f 689//680 691//682 692//683
f 692//683 684//674 689//680
f 693//684 685//675 692//683
f 692//683 694//685 693//684
f 693//684 361//352 360//348
f 360//348 688//679 693//684
f 695//686 170//687 203//185
f 203//185 696//688 695//686
f 696//688 698//689 695//686
f 698//689 690//681 695//686
f 699//690 691//682 698//689
f 699//690 697//691 700//692
f 700//692 366//353 699//690
f 366//353 694//685 699//690
f 696//688 29//28 701//693
f 701//693 36//694 656//645
f 656//645 702//695 701//693
f 701//693 697//691 696//688
f 700//692 702//695 703//696
f 703//696 661//651 663//652
f 663//652 372//359 703//696
f 703//696 367//354 700//692
f 704//697 36//694 35//27
f 35//27 44//40 704//697
f 44//40 313//297 704//697
f 704//697 312//656 657//646
f 705//698 378//365 402//389
f 705//698 179//164 707//699
f 707//699 709//700 705//698
f 709//700 706//701 705//698
f 711//702 710//703 709//700
f 709//700 713//704 711//702
f 711//702 113//399 112//100
f 112//100 712//705 711//702
f 714//706 375//397 374//361
f 374//361 706//701 714//706
f 714//706 710//703 716//707
f 716//707 715//708 714//706
f 718//709 717//710 716//707
f 716//707 712//705 718//709
f 718//709 81//99 80//69
f 80//69 719//711 718//709
f 707//699 178//169 720//712
f 720//712 185//713 721//714
f 721//714 723//715 720//712
f 720//712 708//716 707//699
f 713//704 723//715 724//717
f 724//717 722//718 725//719
f 725//719 410//400 724//717
f 724//717 113//399 713//704
f 726//720 397//384 408//395
f 408//395 715//708 726//720
f 726//720 717//710 728//721
f 728//721 727//722 726//720
f 730//723 729//724 728//721
f 728//721 719//711 730//723
f 730//723 48//68 47//37
f 730//723 46//306 731//725
f 732//726 405//727 404//391
f 404//391 734//728 732//726
f 732//726 735//729 736//730
f 736//730 733//731 732//726
f 738//732 737//733 736//730
f 736//730 740//734 738//732
f 738//732 239//221 238//220
f 738//732 213//195 739//735
f 742//736 412//405 741//737
f 741//737 405//727 733//731
f 733//731 743//738 741//737
f 741//737 744//739 742//736
f 746//740 743//738 745//741
f 745//741 737//733 739//735
f 739//735 212//194 745//741
f 745//741 147//134 746//740
f 747//742 394//394 393//380
f 393//380 727//722 747//742
f 747//742 729//724 748//743
f 748//743 734//728 747//742
f 749//744 735//729 748//743
f 748//743 731//725 749//744
f 731//725 318//305 749//744
f 318//305 740//734 749//744
f 721//714 751//745 750//746
f 750//746 413//403 742//736
f 742//736 752//747 750//746
f 750//746 722//718 721//714
f 725//719 752//747 753//748
f 753//748 744//739 746//740
f 746//740 146//133 753//748
f 753//748 145//401 725//719
f 754//749 185//713 184//168
f 184//168 285//269 754//749
f 754//749 287//268 414//404
f 414//404 751//745 754//749
f 452//440 756//750 755//751
f 755//751 510//494 543//529
f 543//529 757//752 755//751
f 755//751 453//445 452//440
f 758//753 423//754 422//411
f 422//411 599//589 758//753
f 758//753 605//599 759//755
f 759//755 428//416 758//753
f 464//452 761//756 760//757
f 761//756 591//583 760//757
f 760//757 419//595 418//408
f 760//757 417//407 464//452
f 762//758 435//423 763//759
f 763//759 764//760 762//758
f 762//758 504//489 765//761
f 765//761 440//428 762//758
f 766//762 429//417 759//755
f 759//755 612//603 766//762
f 766//762 616//763 763//759
f 763//759 434//422 766//762
f 458//446 757//752 767//764
f 767//764 547//534 607//590
f 607//590 761//756 767//764
f 767//764 459//451 458//446
f 768//765 441//429 765//761
f 765//761 503//495 768//765
f 503//495 756//750 768//765
f 768//765 447//435 446//434
f 770//766 533//522 769//767
f 769//767 535//521 771//768
f 771//768 602//586 769//767
f 769//767 601//597 770//766
f 772//769 535//521 574//559
f 574//559 773//770 772//769
f 773//770 613//600 772//769
f 772//769 603//587 771//768
f 774//771 553//561 552//538
f 552//538 775//772 774//771
f 775//772 776//773 774//771
f 774//771 614//601 773//770
f 777//774 556//542 578//565
f 578//565 778//775 777//774
f 777//774 508//531 507//492
f 507//492 775//772 777//774
f 780//776 482//472 779//777
f 779//777 486//519 770//766
f 770//766 610//596 779//777
f 779//777 596//581 780//776
f 781//778 526//563 576//564
f 576//564 783//779 781//778
f 781//778 594//780 608//593
f 608//593 782//781 781//778
f 784//782 523//507 522//511
f 522//511 782//781 784//782
f 784//782 545//592 544//532
f 544//532 778//775 784//782
f 783//779 537//526 785//783
f 785//783 483//469 780//776
f 780//776 595//580 785//783
f 785//783 594//780 783//779
f 786//784 616//763 615//602
f 615//602 776//773 786//784
f 786//784 506//491 505//490
f 505//490 764//760 786//784
f 1//1 2//7 3//2
f 4//3 5//619 6//4
f 1//1 6//4 7//5
f 8//6 9//32 2//7
f 10//8 11//14 12//9
f 13//10 14//289 15//11
f 15//11 16//43 17//12
f 10//8 17//12 18//13
f 20//15 21//295 22//16
f 19//17 22//16 23//18
f 19//17 24//19 25//20
f 26//21 27//48 20//15
f 28//22 29//28 30//23
f 31//24 32//304 33//25
f 28//22 33//25 34//26
f 35//27 36//694 29//28
f 37//29 38//34 39//30
f 40//31 3//2 2//7
f 37//29 2//7 9//32
f 41//33 42//61 38//34
f 43//35 44//40 34//26
f 45//36 46//306 47//37
f 47//37 48//68 49//38
f 43//35 49//38 50//39
f 52//41 18//13 17//12
f 51//42 17//12 16//43
f 53//44 54//77 55//45
f 51//42 55//45 56//46
f 57//47 58//52 27//48
f 26//21 25//20 59//49
f 57//47 59//49 60//50
f 61//51 62//82 58//52
f 64//53 65//299 66//54
f 63//55 66//54 67//56
f 68//57 69//102 70//58
f 63//55 70//58 71//59
f 72//60 73//65 42//61
f 41//33 9//32 74//62
f 72//60 74//62 75//63
f 76//64 77//93 73//65
f 79//66 50//39 49//38
f 78//67 49//38 48//68
f 80//69 81//99 82//70
f 78//67 82//70 67//56
f 83//71 74//62 9//32
f 8//6 7//5 84//72
f 83//71 84//72 85//73
f 86//74 75//63 74//62
f 88//75 56//46 55//45
f 87//76 55//45 54//77
f 89//78 90//109 91//79
f 87//76 91//79 92//80
f 93//81 94//86 62//82
f 61//51 60//50 95//83
f 93//81 95//83 96//84
f 97//85 98//114 94//86
f 99//87 100//91 71//59
f 70//58 69//102 101//88
f 99//87 101//88 102//89
f 103//90 104//120 100//91
f 105//92 106//97 77//93
f 76//64 75//63 107//94
f 105//92 107//94 108//95
f 109//96 110//126 106//97
f 68//57 67//56 82//70
f 111//98 82//70 81//99
f 112//100 113//399 114//101
f 111//98 114//101 69//102
f 115//103 107//94 75//63
f 86//74 85//73 116//104
f 115//103 116//104 117//105
f 118//106 108//95 107//94
f 120//107 92//80 91//79
f 119//108 91//79 90//109
f 121//110 122//142 123//111
f 119//108 123//111 124//112
f 125//113 126//118 98//114
f 97//85 96//84 127//115
f 125//113 127//115 128//116
f 129//117 130//147 126//118
f 131//119 132//124 104//120
f 103//90 102//89 133//121
f 131//119 133//121 134//122
f 135//123 136//153 132//124
f 137//125 138//130 110//126
f 109//96 108//95 139//127
f 139//127 140//139 141//128
f 137//125 141//128 142//129
f 143//131 133//121 102//89
f 144//132 145//401 146//133
f 143//131 146//133 147//134
f 148//135 134//122 133//121
f 139//127 108//95 118//106
f 149//136 118//106 117//105
f 150//137 151//171 152//138
f 149//136 152//138 140//139
f 154//140 124//112 123//111
f 153//141 123//111 122//142
f 155//143 156//369 157//144
f 153//141 157//144 158//145
f 159//146 160//151 130//147
f 129//117 128//116 161//148
f 159//146 161//148 162//149
f 163//150 164//509 160//151
f 165//152 166//157 136//153
f 135//123 134//122 167//154
f 165//152 167//154 168//155
f 169//156 170//687 166//157
f 172//158 142//129 141//128
f 171//159 141//128 140//139
f 173//160 174//174 175//161
f 171//159 175//161 176//162
f 177//163 178//169 179//164
f 180//165 181//254 182//166
f 177//163 182//166 183//167
f 184//168 185//713 178//169
f 173//160 140//139 152//138
f 186//170 152//138 151//171
f 187//172 188//198 189//173
f 186//170 189//173 174//174
f 190//175 191//179 158//145
f 157//144 156//369 192//176
f 190//175 192//176 193//177
f 194//178 195//203 191//179
f 197//180 164//509 163//150
f 196//181 163//150 162//149
f 198//182 199//210 200//183
f 196//181 200//183 201//184
f 203//185 170//687 169//156
f 202//186 169//156 168//155
f 204//187 32//304 31//24
f 202//186 31//24 30//23
f 206//188 176//162 175//161
f 205//189 175//161 174//174
f 207//190 208//201 209//191
f 205//189 209//191 210//192
f 211//193 167//154 134//122
f 148//135 147//134 212//194
f 211//193 212//194 213//195
f 214//196 168//155 167//154
f 207//190 174//174 189//173
f 215//197 189//173 188//198
f 216//199 217//224 218//200
f 215//197 218//200 208//201
f 219//202 220//207 195//203
f 194//178 193//177 221//204
f 219//202 221//204 222//205
f 223//206 224//287 220//207
f 226//208 201//184 200//183
f 225//209 200//183 199//210
f 227//211 228//293 229//212
f 225//209 229//212 230//213
f 232//214 210//192 209//191
f 231//215 209//191 208//201
f 233//216 234//227 235//217
f 231//215 235//217 236//218
f 237//219 204//187 168//155
f 214//196 213//195 238//220
f 237//219 238//220 239//221
f 240//222 32//304 204//187
f 233//216 208//201 218//200
f 241//223 218//200 217//224
f 242//225 243//308 244//226
f 241//223 244//226 234//227
f 246//228 247//785 248//229
f 245//230 248//229 249//231
f 245//230 250//232 251//233
f 252//234 253//239 254//235
f 255//236 256//786 257//237
f 252//234 257//237 258//238
f 260//240 247//785 246//228
f 259//241 246//228 251//233
f 259//241 261//242 262//243
f 263//244 264//247 258//238
f 257//237 256//786 265//245
f 263//244 265//245 266//246
f 268//248 247//785 260//240
f 267//249 260//240 262//243
f 267//249 269//250 270//251
f 271//252 272//255 266//246
f 265//245 256//786 273//253
f 271//252 273//253 181//254
f 275//256 247//785 268//248
f 274//257 268//248 270//251
f 274//257 276//258 277//259
f 278//260 182//166 181//254
f 273//253 256//786 279//261
f 278//260 279//261 183//167
f 281//262 247//785 275//256
f 280//263 275//256 277//259
f 280//263 282//264 283//265
f 284//266 285//269 183//167
f 279//261 256//786 286//267
f 284//266 286//267 287//268
f 289//270 247//785 281//262
f 288//271 281//262 283//265
f 288//271 290//272 291//273
f 292//274 293//277 287//268
f 286//267 256//786 294//275
f 292//274 294//275 295//276
f 297//278 247//785 289//270
f 296//279 289//270 291//273
f 296//279 298//280 299//281
f 300//282 301//285 295//276
f 294//275 256//786 302//283
f 300//282 302//283 303//284
f 304//286 305//290 224//287
f 223//206 222//205 306//288
f 304//286 306//288 14//289
f 13//10 12//9 305//290
f 308//291 230//213 229//212
f 307//292 229//212 228//293
f 309//294 23//18 22//16
f 307//292 22//16 21//295
f 311//296 312//656 313//297
f 310//298 313//297 50//39
f 79//66 67//56 66//54
f 310//298 66//54 65//299
f 315//300 236//218 235//217
f 314//301 235//217 234//227
f 316//302 3//2 40//31
f 314//301 40//31 39//30
f 317//303 33//25 32//304
f 240//222 239//221 318//305
f 317//303 318//305 46//306
f 45//36 34//26 33//25
f 316//302 234//227 244//226
f 319//307 244//226 243//308
f 320//309 5//619 4//3
f 319//307 4//3 3//2
f 248//229 247//785 297//278
f 321//310 297//278 299//281
f 321//310 322//311 249//231
f 323//312 324//313 303//284
f 302//283 256//786 255//236
f 323//312 255//236 254//235
f 325//314 326//321 327//315
f 325//314 328//316 329//317
f 325//314 330//318 331//319
f 332//320 333//387 326//321
f 335//322 333//387 332//320
f 332//320 331//319 336//324
f 334//323 336//324 337//325
f 334//323 338//326 339//327
f 341//328 339//327 338//326
f 340//329 338//326 337//325
f 342//330 343//335 344//331
f 340//329 344//331 345//332
f 347//333 345//332 344//331
f 346//334 344//331 343//335
f 348//336 349//341 350//337
f 346//334 350//337 351//338
f 353//339 351//338 350//337
f 352//340 350//337 349//341
f 354//342 355//347 356//343
f 352//340 356//343 357//344
f 359//345 357//344 356//343
f 358//346 356//343 355//347
f 360//348 361//352 362//349
f 358//346 362//349 363//350
f 364//351 365//356 363//350
f 364//351 362//349 361//352
f 364//351 366//353 367//354
f 368//355 369//358 365//356
f 370//357 371//360 369//358
f 370//357 368//355 367//354
f 372//359 329//317 328//316
f 328//316 327//315 371//360
f 374//361 375//397 376//362
f 373//363 376//362 258//238
f 264//247 266//246 377//364
f 373//363 377//364 378//365
f 155//143 122//142 380//366
f 379//367 380//366 351//338
f 353//339 357//344 381//368
f 379//367 381//368 156//369
f 382//370 221//204 193//177
f 383//371 363//350 365//356
f 382//370 365//356 369//358
f 384//372 222//205 221//204
f 385//373 192//176 156//369
f 385//373 381//368 357//344
f 385//373 359//345 363//350
f 383//371 193//177 192//176
f 121//110 90//109 387//374
f 386//375 387//374 345//332
f 347//333 351//338 380//366
f 386//375 380//366 122//142
f 388//376 306//288 222//205
f 384//372 369//358 371//360
f 388//376 371//360 327//315
f 389//377 14//289 306//288
f 89//78 54//77 391//378
f 390//379 391//378 339//327
f 341//328 345//332 387//374
f 390//379 387//374 90//109
f 393//380 394//394 395//381
f 392//382 395//381 303//284
f 324//313 254//235 396//383
f 392//382 396//383 397//384
f 53//44 16//43 399//385
f 398//386 399//385 333//387
f 335//322 339//327 391//378
f 398//386 391//378 54//77
f 400//388 15//11 14//289
f 389//377 327//315 326//321
f 400//388 326//321 333//387
f 399//385 16//43 15//11
f 402//389 378//365 377//364
f 401//390 377//364 266//246
f 272//255 181//254 180//165
f 180//165 179//164 402//389
f 404//391 405//727 406//392
f 406//392 295//276 301//285
f 301//285 303//284 395//381
f 403//393 395//381 394//394
f 408//395 397//384 396//383
f 407//396 396//383 254//235
f 253//239 258//238 376//362
f 407//396 376//362 375//397
f 409//398 101//88 69//102
f 409//398 114//101 113//399
f 409//398 410//400 145//401
f 144//132 102//89 101//88
f 411//402 412//405 413//403
f 414//404 287//268 293//277
f 411//402 293//277 295//276
f 406//392 405//727 412//405
f 415//406 416//412 417//407
f 418//408 419//595 420//409
f 415//406 420//409 421//410
f 422//411 423//754 416//412
f 424//413 425//419 426//414
f 427//415 423//754 428//416
f 424//413 428//416 429//417
f 430//418 431//421 425//419
f 432//420 433//425 431//421
f 430//418 429//417 434//422
f 432//420 434//422 435//423
f 436//424 437//427 433//425
f 438//426 439//431 437//427
f 436//424 435//423 440//428
f 438//426 440//428 441//429
f 442//430 443//433 439//431
f 444//432 445//437 443//433
f 442//430 441//429 446//434
f 444//432 446//434 447//435
f 448//436 449//544 445//437
f 451//438 449//544 448//436
f 450//439 448//436 447//435
f 452//440 453//445 454//441
f 450//439 454//441 455//442
f 457//443 455//442 454//441
f 456//444 454//441 453//445
f 458//446 459//451 460//447
f 456//444 460//447 461//448
f 463//449 461//448 460//447
f 462//450 460//447 459//451
f 464//452 417//407 465//453
f 462//450 465//453 466//454
f 468//455 466//454 465//453
f 467//456 465//453 417//407
f 416//412 423//754 427//415
f 467//456 427//415 426//414
f 469//457 470//461 471//458
f 472//459 39//30 38//34
f 469//457 38//34 42//61
f 473//460 474//516 470//461
f 475//462 476//467 477//463
f 478//464 110//126 138//130
f 138//130 142//129 479//465
f 475//462 479//465 480//466
f 481//468 482//472 483//469
f 484//470 230//213 308//291
f 481//468 308//291 21//295
f 485//471 486//519 482//472
f 487//473 488//476 489//474
f 490//475 77//93 106//97
f 487//473 106//97 110//126
f 478//464 477//463 488//476
f 492//477 480//466 479//465
f 491//478 479//465 142//129
f 172//158 176//162 493//479
f 491//478 493//479 494//480
f 322//311 299//281 496//481
f 495//482 496//481 466//454
f 468//455 426//414 497//483
f 495//482 497//483 249//231
f 499//484 494//480 493//479
f 498//485 493//479 176//162
f 206//188 210//192 500//486
f 498//485 500//486 501//487
f 502//488 503//495 504//489
f 502//488 505//490 506//491
f 507//492 508//531 509//493
f 502//488 509//493 510//494
f 512//496 501//487 500//486
f 511//497 500//486 210//192
f 232//214 236//218 513//498
f 511//497 513//498 514//499
f 298//280 291//273 516//500
f 515//501 516//500 461//448
f 463//449 466//454 496//481
f 515//501 496//481 299//281
f 518//502 514//499 513//498
f 517//503 513//498 236//218
f 315//300 39//30 472//459
f 517//503 472//459 471//458
f 290//272 283//265 520//504
f 519//505 520//504 455//442
f 457//443 461//448 516//500
f 519//505 516//500 291//273
f 521//506 522//511 523//507
f 524//508 130//147 160//151
f 521//506 160//151 164//509
f 525//510 526//563 522//511
f 242//225 217//224 528//512
f 527//513 528//512 195//203
f 220//207 224//287 529//514
f 527//513 529//514 243//308
f 530//515 531//517 474//516
f 473//460 42//61 73//65
f 530//515 73//65 77//93
f 490//475 489//474 531//517
f 532//518 533//522 486//519
f 485//471 21//295 20//15
f 532//518 20//15 27//48
f 532//518 534//520 535//521
f 536//523 537//526 538//524
f 539//525 201//184 226//208
f 536//523 226//208 230//213
f 484//470 483//469 537//526
f 540//527 250//232 249//231
f 497//483 426//414 425//419
f 540//527 425//419 431//421
f 541//528 251//233 250//232
f 543//529 510//494 509//493
f 542//530 509//493 508//531
f 544//532 545//592 546//533
f 542//530 546//533 547//534
f 548//535 269//250 262//243
f 549//536 437//427 439//431
f 548//535 439//431 443//433
f 550//537 270//251 269//250
f 552//538 553//561 554//539
f 551//540 554//539 62//82
f 94//86 98//114 555//541
f 551//540 555//541 556//542
f 557//543 276//258 270//251
f 550//537 443//433 445//437
f 557//543 445//437 449//544
f 558//545 277//259 276//258
f 559//546 261//242 251//233
f 541//528 431//421 433//425
f 559//546 433//425 437//427
f 549//536 262//243 261//242
f 282//264 277//259 558//545
f 560//547 558//545 449//544
f 451//438 455//442 520//504
f 560//547 520//504 283//265
f 561//548 95//83 60//50
f 562//549 563//631 564//550
f 561//548 564//550 565//551
f 566//552 96//84 95//83
f 187//172 151//171 568//553
f 567//554 568//553 124//112
f 154//140 158//145 569//555
f 567//554 569//555 188//198
f 564//550 563//631 571//556
f 570//557 571//556 489//474
f 488//476 477//463 572//558
f 570//557 572//558 565//551
f 574//559 535//521 534//520
f 573//560 534//520 27//48
f 58//52 62//82 554//539
f 573//560 554//539 553//561
f 575//562 576//564 526//563
f 525//510 164//509 197//180
f 575//562 197//180 201//184
f 539//525 538//524 576//564
f 578//565 556//542 555//541
f 555//541 98//114 126//118
f 577//566 126//118 130//147
f 577//566 524//508 523//507
f 579//567 580//571 581//568
f 582//569 494//480 499//484
f 579//567 499//484 501//487
f 583//570 584//574 580//571
f 227//211 199//210 586//572
f 585//573 586//572 584//574
f 587//575 588//610 589//576
f 585//573 589//576 228//293
f 590//577 591//583 592//578
f 593//579 594//780 595//580
f 590//577 595//580 596//581
f 597//582 419//595 591//583
f 598//584 599//589 421//410
f 600//585 601//597 602//586
f 598//584 602//586 603//587
f 604//588 605//599 599//589
f 607//590 547//534 546//533
f 606//591 546//533 545//592
f 608//593 594//780 593//579
f 606//591 593//579 592//578
f 609//594 420//409 419//595
f 597//582 596//581 610//596
f 609//594 610//596 601//597
f 600//585 421//410 420//409
f 611//598 612//603 605//599
f 604//588 603//587 613//600
f 611//598 613//600 614//601
f 615//602 616//763 612//603
f 24//19 23//18 618//604
f 617//605 618//604 619//606
f 620//607 621//625 622//608
f 622//608 25//20 24//19
f 309//294 228//293 589//576
f 623//609 589//576 588//610
f 624//611 619//606 618//604
f 623//609 618//604 23//18
f 624//611 588//610 626//612
f 626//612 514//499 518//502
f 625//613 518//502 471//458
f 625//613 627//614 619//606
f 628//615 198//182 162//149
f 629//616 581//568 580//571
f 628//615 580//571 584//574
f 628//615 586//572 199//210
f 320//309 243//308 529//514
f 630//617 529//514 224//287
f 630//617 305//290 12//9
f 630//617 631//618 5//619
f 632//620 161//148 128//116
f 633//621 634//628 635//622
f 632//620 635//622 581//568
f 629//616 162//149 161//148
f 620//607 619//606 627//614
f 636//623 627//614 471//458
f 470//461 474//516 637//624
f 636//623 637//624 621//625
f 638//626 127//115 96//84
f 566//552 565//551 639//627
f 638//626 639//627 634//628
f 633//621 128//116 127//115
f 640//629 59//49 25//20
f 622//608 621//625 641//630
f 640//629 641//630 563//631
f 562//549 60//50 59//49
f 641//630 621//625 637//624
f 642//632 637//624 474//516
f 531//517 489//474 571//556
f 642//632 571//556 563//631
f 643//633 635//622 634//628
f 644//634 480//466 492//477
f 643//633 492//477 494//480
f 582//569 581//568 635//622
f 587//575 584//574 583//570
f 583//570 501//487 512//496
f 645//635 512//496 514//499
f 645//635 626//612 588//610
f 646//636 639//627 565//551
f 572//558 477//463 476//467
f 646//636 476//467 480//466
f 644//634 634//628 639//627
f 647//637 6//4 5//619
f 631//618 12//9 11//14
f 647//637 11//14 18//13
f 648//638 7//5 6//4
f 150//137 117//105 650//639
f 649//640 650//639 92//80
f 120//107 124//112 568//553
f 649//640 568//553 151//171
f 651//641 116//104 85//73
f 651//641 652//642 56//46
f 88//75 92//80 650//639
f 651//641 650//639 117//105
f 216//199 188//198 569//555
f 569//555 158//145 191//179
f 653//643 191//179 195//203
f 653//643 528//512 217//224
f 654//644 84//72 7//5
f 654//644 648//638 18//13
f 52//41 56//46 652//642
f 652//642 85//73 84//72
f 656//645 36//694 657//646
f 657//646 312//656 658//648
f 655//647 658//648 659//649
f 655//647 660//650 661//651
f 663//652 661//651 660//650
f 660//650 659//649 664//654
f 664//654 331//319 330//318
f 330//318 329//317 663//652
f 665//655 658//648 312//656
f 311//296 65//299 666//657
f 665//655 666//657 667//658
f 668//659 659//649 658//648
f 669//660 664//654 659//649
f 668//659 667//658 670//661
f 669//660 670//661 337//325
f 336//324 331//319 664//654
f 671//662 666//657 65//299
f 64//53 71//59 672//663
f 671//662 672//663 673//664
f 674//665 667//658 666//657
f 675//666 670//661 667//658
f 674//665 673//664 676//667
f 675//666 676//667 343//335
f 342//330 337//325 670//661
f 672//663 71//59 100//91
f 677//668 100//91 104//120
f 678//669 679//677 680//670
f 680//670 673//664 672//663
f 681//671 676//667 673//664
f 680//670 679//677 682//672
f 681//671 682//672 349//341
f 348//336 343//335 676//667
f 678//669 104//120 132//124
f 683//673 132//124 136//153
f 683//673 684//674 685//675
f 683//673 686//676 679//677
f 687//678 682//672 679//677
f 686//676 685//675 688//679
f 687//678 688//679 355//347
f 354//342 349//341 682//672
f 689//680 684//674 136//153
f 166//157 170//687 690//681
f 689//680 690//681 691//682
f 692//683 685//675 684//674
f 693//684 688//679 685//675
f 692//683 691//682 694//685
f 693//684 694//685 361//352
f 360//348 355//347 688//679
f 695//686 690//681 170//687
f 203//185 30//23 696//688
f 696//688 697//691 698//689
f 698//689 691//682 690//681
f 699//690 694//685 691//682
f 699//690 698//689 697//691
f 700//692 367//354 366//353
f 366//353 361//352 694//685
f 696//688 30//23 29//28
f 701//693 29//28 36//694
f 656//645 661//651 702//695
f 701//693 702//695 697//691
f 700//692 697//691 702//695
f 703//696 702//695 661//651
f 663//652 329//317 372//359
f 703//696 372//359 367//354
f 704//697 657//646 36//694
f 35//27 34//26 44//40
f 44//40 50//39 313//297
f 704//697 313//297 312//656
f 705//698 706//701 378//365
f 705//698 402//389 179//164
f 707//699 708//716 709//700
f 709//700 710//703 706//701
f 711//702 712//705 710//703
f 709//700 708//716 713//704
f 711//702 713//704 113//399
f 112//100 81//99 712//705
f 714//706 715//708 375//397
f 374//361 378//365 706//701
f 714//706 706//701 710//703
f 716//707 717//710 715//708
f 718//709 719//711 717//710
f 716//707 710//703 712//705
f 718//709 712//705 81//99
f 80//69 48//68 719//711
f 707//699 179//164 178//169
f 720//712 178//169 185//713
f 721//714 722//718 723//715
f 720//712 723//715 708//716
f 713//704 708//716 723//715
f 724//717 723//715 722//718
f 725//719 145//401 410//400
f 724//717 410//400 113//399
f 726//720 727//722 397//384
f 408//395 375//397 715//708
f 726//720 715//708 717//710
f 728//721 729//724 727//722
f 730//723 731//725 729//724
f 728//721 717//710 719//711
f 730//723 719//711 48//68
f 730//723 47//37 46//306
f 732//726 733//731 405//727
f 404//391 394//394 734//728
f 732//726 734//728 735//729
f 736//730 737//733 733//731
f 738//732 739//735 737//733
f 736//730 735//729 740//734
f 738//732 740//734 239//221
f 738//732 238//220 213//195
f 742//736 413//403 412//405
f 741//737 412//405 405//727
f 733//731 737//733 743//738
f 741//737 743//738 744//739
f 746//740 744//739 743//738
f 745//741 743//738 737//733
f 739//735 213//195 212//194
f 745//741 212//194 147//134
f 747//742 734//728 394//394
f 393//380 397//384 727//722
f 747//742 727//722 729//724
f 748//743 735//729 734//728
f 749//744 740//734 735//729
f 748//743 729//724 731//725
f 731//725 46//306 318//305
f 318//305 239//221 740//734
f 721//714 185//713 751//745
f 750//746 751//745 413//403
f 742//736 744//739 752//747
f 750//746 752//747 722//718
f 725//719 722//718 752//747
f 753//748 752//747 744//739
f 746//740 147//134 146//133
f 753//748 146//133 145//401
f 754//749 751//745 185//713
f 184//168 183//167 285//269
f 754//749 285//269 287//268
f 414//404 413//403 751//745
f 452//440 447//435 756//750
f 755//751 756//750 510//494
f 543//529 547//534 757//752
f 755//751 757//752 453//445
f 758//753 428//416 423//754
f 422//411 421//410 599//589
f 758//753 599//589 605//599
f 759//755 429//417 428//416
f 464//452 459//451 761//756
f 761//756 592//578 591//583
f 760//757 591//583 419//595
f 760//757 418//408 417//407
f 762//758 440//428 435//423
f 763//759 616//763 764//760
f 762//758 764//760 504//489
f 765//761 441//429 440//428
f 766//762 434//422 429//417
f 759//755 605//599 612//603
f 766//762 612//603 616//763
f 763//759 435//423 434//422
f 458//446 453//445 757//752
f 767//764 757//752 547//534
f 607//590 592//578 761//756
f 767//764 761//756 459//451
f 768//765 446//434 441//429
f 765//761 504//489 503//495
f 503//495 510//494 756//750
f 768//765 756//750 447//435
f 770//766 486//519 533//522
f 769//767 533//522 535//521
f 771//768 603//587 602//586
f 769//767 602//586 601//597
f 772//769 771//768 535//521
f 574//559 553//561 773//770
f 773//770 614//601 613//600
f 772//769 613//600 603//587
f 774//771 773//770 553//561
f 552//538 556//542 775//772
f 775//772 506//491 776//773
f 774//771 776//773 614//601
f 777//774 775//772 556//542
f 578//565 523//507 778//775
f 777//774 778//775 508//531
f 507//492 506//491 775//772
f 780//776 483//469 482//472
f 779//777 482//472 486//519
f 770//766 601//597 610//596
f 779//777 610//596 596//581
f 781//778 782//781 526//563
f 576//564 538//524 783//779
f 781//778 783//779 594//780
f 608//593 545//592 782//781
f 784//782 778//775 523//507
f 522//511 526//563 782//781
f 784//782 782//781 545//592
f 544//532 508//531 778//775
f 783//779 538//524 537//526
f 785//783 537//526 483//469
f 780//776 596//581 595//580
f 785//783 595//580 594//780
f 786//784 764//760 616//763
f 615//602 614//601 776//773
f 786//784 776//773 506//491
f 505//490 504//489 764//760
