# Blender v2.78 (sub 0) OBJ File: ''
# www.blender.org
mtllib deer1.mtl
o Plane003
v 1.985841 4.882389 -3.539669
v 1.563714 4.995931 -3.065918
v 1.547934 5.239415 -3.072767
v 2.405285 5.376685 -3.963198
v 0.798099 4.695654 -2.330140
v 0.677588 5.054204 -2.346881
v 0.891936 4.361618 -2.363902
v 0.118210 4.233218 -1.008490
v 0.331155 5.516359 -2.006336
v 0.446841 2.590788 -0.041945
v 0.148628 2.887236 0.882909
v 2.620677 4.428682 -4.819447
v 1.704209 4.394859 -3.260781
v 1.683924 2.758637 -2.973323
v 0.891875 4.362659 -2.364282
v 1.166759 1.896781 -1.011415
v 0.445920 2.595513 -0.046931
v 0.451467 2.553361 1.336175
v -0.288117 4.450389 -1.011073
v -0.297469 5.521705 -1.949384
v -0.278985 2.956664 0.878284
v 2.215208 1.842294 -3.099381
v 1.422378 1.475976 -0.725338
v 1.149978 1.259366 0.111286
v -0.281690 2.557025 1.312906
v -0.281690 1.480041 0.988261
v -0.332953 0.758180 0.375076
v 1.150739 0.772398 -0.197019
v 1.826222 1.258005 -3.358464
v 1.730623 6.086631 -3.752235
v 0.943340 6.879920 -3.754978
v -0.332853 6.653439 -3.749471
v 1.362283 7.211996 -4.120755
v 2.154932 5.984985 -4.881004
v 2.250872 7.145975 -4.735803
v 1.000551 7.206309 -4.053011
v 0.959119 7.305294 -4.590361
v -0.333013 6.987875 -5.529273
v 0.840752 7.203506 -4.052911
v 2.138095 5.370037 -6.696871
v 1.500255 5.938787 -6.167729
v 2.065540 6.744052 -5.368252
v 2.140458 4.294154 -6.931344
v 2.198730 2.257132 -4.988338
v 1.808383 2.034474 -5.706676
v 1.667984 6.440153 -6.410874
v 3.401428 6.571417 -7.583958
v 3.751184 8.066023 -8.184268
v 2.243963 7.503040 -6.406006
v 2.802741 8.189477 -7.045385
v -0.233505 7.012127 -7.367147
v 0.304463 7.177594 -6.476495
v 1.490847 5.933059 -6.167750
v 0.203259 6.798100 -7.522181
v 0.777156 5.561917 -7.524564
v -0.238972 5.561635 -8.067622
v 0.207001 6.782058 -7.535057
v 1.511129 5.934581 -6.159800
v 0.568472 7.191871 -5.214240
v 1.432891 8.566026 -1.669255
v 1.581336 8.543999 -1.817760
v 1.515374 8.448379 -1.780394
v 1.272130 8.462997 -1.513761
v 2.472949 7.547695 -4.859297
v 2.367317 7.148057 -5.220828
v 1.681221 7.704371 -4.672364
v 1.942627 7.605788 -4.495401
v 3.648236 8.397115 -4.877099
v 4.032235 8.298772 -5.000513
v 3.748501 7.846969 -5.258836
v 3.524081 8.504630 -4.886570
v 5.012659 9.032327 -7.435493
v 5.366681 8.921630 -7.540264
v 5.025475 9.036434 -7.456819
v 5.191743 8.778171 -7.857119
v 4.978276 9.192649 -7.716362
v 4.643478 9.030665 -7.071618
v 5.484768 10.454665 -9.042838
v 5.646030 10.433798 -8.850378
v 5.502270 10.753016 -9.402807
v 5.720843 10.860628 -9.195548
v 5.365399 10.905886 -9.317481
v 5.507396 10.551346 -9.154256
v 6.371195 14.459082 -9.333061
v 6.283585 14.343539 -9.322006
v 6.215000 14.483591 -9.384384
v 6.272912 14.418150 -9.412719
v 5.717499 11.655905 -9.121957
v 6.424361 11.954917 -9.167313
v 6.204467 11.844998 -9.369926
v 6.072342 11.997008 -9.279413
v 6.784290 12.926368 -8.204832
v 6.772796 13.130341 -8.218930
v 6.868115 13.133487 -8.228581
v 6.872420 13.044394 -8.224156
v 6.404697 12.173070 -9.179308
v 6.149418 13.312653 -9.326692
v 6.134880 13.020885 -9.319283
v 6.211816 12.997516 -9.233735
v 6.180857 12.161694 -9.166733
v 1.137302 7.519158 -2.191767
v 1.605607 7.472782 -2.706289
v 1.717506 7.685106 -2.800947
v 1.450733 7.733767 -2.489158
v 3.722048 10.415595 -6.649591
v 3.887074 10.487064 -6.966607
v 3.909562 10.410068 -6.841891
v 3.904656 10.409208 -6.834642
v 6.631900 11.101272 -8.352516
v 6.644115 11.138197 -8.393208
v 6.712601 11.249774 -8.404902
v 6.682984 11.101610 -8.279405
v 6.221928 13.295748 -9.253661
v 4.948058 13.739781 -8.661242
v 4.916118 13.748554 -8.697949
v 4.919903 13.878295 -8.702634
v 4.950722 13.869687 -8.668472
v -2.095554 5.239415 -3.072767
v -2.111333 4.995931 -3.065918
v -2.533460 4.882389 -3.539669
v -2.952904 5.376685 -3.963198
v -1.225206 5.054204 -2.346881
v -1.345717 4.695654 -2.330140
v -1.439555 4.361618 -2.363902
v -0.665628 4.233337 -1.008390
v -0.878714 5.516359 -2.006295
v -0.994459 2.590788 -0.041945
v -0.696226 2.887257 0.882930
v -2.251827 4.394859 -3.260781
v -3.204574 4.428682 -4.819447
v -2.231544 2.758637 -2.973323
v -1.439493 4.362659 -2.364282
v -0.993537 2.595513 -0.046931
v -1.714377 1.896781 -1.011415
v -0.999084 2.553341 1.336175
v -2.762826 1.842294 -3.099381
v -1.969995 1.475976 -0.725338
v -1.697497 1.259225 0.111366
v -1.698197 0.772298 -0.196858
v -2.373841 1.258005 -3.358464
v -2.278242 6.086631 -3.752235
v -1.491099 6.879901 -3.754998
v -1.909902 7.211996 -4.120755
v -2.702551 5.984985 -4.881004
v -2.798510 7.145975 -4.735803
v -1.548190 7.206329 -4.053030
v -1.506738 7.305294 -4.590361
v -1.388671 7.203526 -4.052851
v -2.721990 5.370037 -6.696871
v -2.047874 5.938787 -6.167729
v -2.613158 6.744052 -5.368252
v -2.724354 4.294154 -6.931344
v -2.392280 2.034474 -5.706676
v -2.782626 2.257132 -4.988338
v -2.215602 6.440153 -6.410874
v -3.949047 6.571417 -7.583958
v -4.298822 8.066023 -8.184268
v -2.791581 7.503040 -6.406006
v -3.350359 8.189477 -7.045385
v -0.852101 7.177574 -6.476656
v -1.361332 5.561857 -7.524443
v -0.785194 6.797178 -7.521900
v -2.074744 5.933059 -6.167750
v -0.755401 6.781620 -7.534957
v -2.058748 5.934581 -6.159800
v -1.116090 7.191871 -5.214240
v -2.062992 8.448379 -1.780394
v -2.128954 8.543999 -1.817760
v -1.980510 8.566026 -1.669255
v -1.819748 8.462997 -1.513761
v -2.914936 7.148057 -5.220828
v -3.020568 7.547695 -4.859297
v -2.228839 7.704371 -4.672364
v -2.490267 7.605788 -4.495401
v -4.579915 8.298793 -5.000573
v -4.195854 8.397115 -4.877099
v -4.296200 7.846969 -5.258894
v -4.071700 8.504630 -4.886570
v -5.944979 8.921671 -7.540422
v -5.605133 9.040078 -7.461585
v -5.561880 9.035832 -7.439939
v -5.769940 8.778171 -7.857119
v -5.191658 9.031067 -7.070356
v -5.556434 9.192568 -7.716203
v -6.224485 10.434840 -8.850638
v -6.063164 10.454782 -9.042818
v -6.080026 10.753016 -9.402787
v -6.297478 10.856427 -9.200134
v -5.943896 10.906850 -9.317981
v -6.085772 10.551146 -9.154058
v -6.507841 14.483591 -9.384384
v -6.576425 14.343539 -9.322006
v -6.664036 14.459082 -9.333061
v -6.565752 14.418150 -9.412719
v -6.493822 11.955858 -9.173040
v -6.289767 11.661932 -9.129287
v -6.493001 11.845462 -9.371969
v -6.368828 11.999434 -9.284340
v -7.129495 13.303357 -7.131873
v -7.035379 13.301175 -7.121860
v -7.049095 13.095378 -7.105980
v -7.134482 13.213586 -7.126366
v -6.693413 12.179098 -9.188541
v -6.442879 13.313152 -9.327033
v -6.428220 13.020348 -9.319824
v -6.474118 12.164458 -9.169376
v -2.153225 7.472782 -2.706289
v -1.684921 7.519158 -2.191767
v -2.265124 7.685106 -2.800947
v -1.998352 7.733767 -2.489158
v -4.457240 10.410045 -6.841971
v -4.434832 10.487142 -6.966546
v -4.269706 10.415756 -6.649611
v -4.452275 10.409208 -6.834642
v -7.291177 11.329633 -8.404762
v -7.222632 11.218317 -8.392827
v -7.210418 11.181630 -8.352477
v -7.261480 11.181630 -8.279626
v -6.513848 13.295510 -9.253481
v -6.504716 12.997717 -9.233697
v -5.497919 13.821143 -8.703294
v -5.494635 13.691343 -8.699049
v -5.525413 13.682570 -8.661703
v -5.528157 13.812913 -8.668531
v 2.015278 4.794520 -3.512555
v 2.440949 5.386158 -3.947618
v 1.572805 5.250106 -3.043250
v 1.590849 4.912387 -3.036561
v 0.828837 4.619321 -2.306430
v 0.707326 5.063293 -2.321609
v 0.925017 4.286005 -2.343957
v 0.142601 4.255665 -0.986022
v 0.348037 5.539548 -1.978381
v 0.479681 2.613055 -0.036518
v 0.168133 2.918517 0.898589
v 2.678786 4.429102 -4.817045
v 1.736931 4.309576 -3.237692
v 1.716164 2.770690 -2.952878
v 0.925078 4.371191 -2.343576
v 1.197377 1.917987 -0.996657
v 0.480602 2.608349 -0.031532
v 0.473193 2.565435 1.367594
v -0.288578 4.479383 -0.983439
v -0.297569 5.551223 -1.922291
v -0.279026 2.988003 0.903215
v 2.253996 1.836007 -3.091631
v 1.457722 1.487129 -0.710159
v 1.181958 1.252717 0.134475
v -0.281669 2.567678 1.351514
v -0.281669 1.458374 1.021943
v -0.333874 0.733208 0.406375
v 1.181177 0.757619 -0.175592
v 1.859964 1.236518 -3.360346
v 1.757736 6.103432 -3.728004
v 0.950148 6.905873 -3.725261
v -0.332412 6.688862 -3.730768
v 1.358659 7.239611 -4.091959
v 2.194061 5.993315 -4.882907
v 2.286577 7.132558 -4.723547
v 1.000091 7.241414 -4.033727
v 0.946444 7.343281 -4.591042
v -0.332252 7.027826 -5.526509
v 0.836207 7.238450 -4.033846
v 2.192759 5.385217 -6.703219
v 1.538623 5.950141 -6.166168
v 2.096059 6.748538 -5.393804
v 2.190397 4.290289 -6.955414
v 2.252334 2.240952 -4.997489
v 1.859664 2.019095 -5.723095
v 1.704009 6.430823 -6.396055
v 3.423155 6.577965 -7.550957
v 3.777537 8.065101 -8.154110
v 2.278867 7.484057 -6.400919
v 2.833119 8.178303 -7.021797
v -0.214625 7.043767 -7.391698
v 0.315436 7.215600 -6.482784
v 1.533456 5.964539 -6.171515
v 0.813999 5.569828 -7.559107
v 0.213689 6.797299 -7.561490
v -0.219851 5.570127 -8.106751
v 0.228067 6.813319 -7.548614
v 1.531314 5.963018 -6.179485
v 0.582629 7.226656 -5.228158
v 1.433331 8.603892 -1.656158
v 1.252386 8.472208 -1.480139
v 1.544851 8.435782 -1.756364
v 1.606568 8.574877 -1.821605
v 2.497560 7.526729 -4.835688
v 2.390927 7.140427 -5.252268
v 1.663539 7.740115 -4.676046
v 1.936980 7.641714 -4.478642
v 3.662494 8.411554 -4.842576
v 4.061031 8.301636 -4.972817
v 3.749442 7.807841 -5.267326
v 3.513368 8.541016 -4.873694
v 5.035828 9.057739 -7.414947
v 5.403627 8.915763 -7.525966
v 5.046201 9.064487 -7.437114
v 5.194005 8.746172 -7.881109
v 4.942251 9.208128 -7.724493
v 4.615984 9.059383 -7.066712
v 5.464343 10.482080 -9.021972
v 5.677709 10.434437 -8.825868
v 5.501649 10.737357 -9.439654
v 5.754765 10.839384 -9.196970
v 5.327052 10.913837 -9.325871
v 5.500468 10.575315 -9.122918
v 6.392121 14.492285 -9.325070
v 6.280962 14.440157 -9.445199
v 6.200561 14.520939 -9.385125
v 6.272031 14.353271 -9.284900
v 5.687381 11.672185 -9.101171
v 6.459425 11.935633 -9.168996
v 6.216562 11.839915 -9.407772
v 6.043126 12.010988 -9.302962
v 6.786273 12.901916 -8.173172
v 6.907684 13.040691 -8.205513
v 6.892445 13.164487 -8.221392
v 6.755094 13.162761 -8.203430
v 6.436316 12.183702 -9.201476
v 6.124106 13.326970 -9.354247
v 6.102019 13.008970 -9.338808
v 6.204306 12.991873 -9.194808
v 6.150619 12.184402 -9.153536
v 1.109707 7.499674 -2.170240
v 1.627814 7.442764 -2.691851
v 1.751068 7.705472 -2.793037
v 1.425462 7.760119 -2.505639
v 3.695134 10.425928 -6.621796
v 3.927865 10.432317 -6.811573
v 3.935154 10.437162 -6.827212
v 3.878083 10.518003 -6.990397
v 6.609012 11.124841 -8.329588
v 6.707255 11.097187 -8.247846
v 6.738152 11.280492 -8.407785
v 6.620226 11.163589 -8.373503
v 6.225773 13.306482 -9.215252
v 4.936044 13.723243 -8.626781
v 4.949020 13.897358 -8.639575
v 4.893430 13.907291 -8.710583
v 4.879072 13.734558 -8.703935
v -2.120425 5.250106 -3.043250
v -2.988567 5.386158 -3.947618
v -2.562897 4.880764 -3.512555
v -2.138466 4.998633 -3.036561
v -1.376456 4.705567 -2.306430
v -1.254944 5.063293 -2.321609
v -0.690439 4.255565 -0.986122
v -1.472636 4.372251 -2.343957
v -0.895715 5.539548 -1.978401
v -1.027300 2.613055 -0.036518
v -0.715791 2.918496 0.898569
v -3.226405 4.429102 -4.817045
v -2.284548 4.395820 -3.237692
v -2.263783 2.770690 -2.952878
v -1.472695 4.371191 -2.343576
v -1.744996 1.917987 -0.996657
v -1.028221 2.608349 -0.031532
v -1.020792 2.565456 1.367574
v -2.801615 1.836007 -3.091631
v -2.005341 1.487129 -0.710159
v -1.729657 1.252857 0.134395
v -1.728956 0.757719 -0.175752
v -2.407583 1.236518 -3.360346
v -2.305356 6.103432 -3.728004
v -1.497646 6.905914 -3.725261
v -1.906277 7.239611 -4.091959
v -2.741679 5.993315 -4.882907
v -2.834194 7.132558 -4.723547
v -1.547689 7.241394 -4.033706
v -1.494063 7.343281 -4.591042
v -1.383544 7.238430 -4.033887
v -2.740377 5.385217 -6.703219
v -2.086242 5.950141 -6.166168
v -2.643676 6.748538 -5.393804
v -2.738015 4.290289 -6.955414
v -2.799953 2.240952 -4.997489
v -2.407281 2.019095 -5.723095
v -2.251628 6.430823 -6.396055
v -3.970774 6.577965 -7.550957
v -4.325155 8.065101 -8.154110
v -2.826486 7.484057 -6.400919
v -3.380757 8.178303 -7.021797
v -0.863054 7.215622 -6.482623
v -1.361336 5.569908 -7.559227
v -2.081074 5.964539 -6.171515
v -0.763270 6.798201 -7.561770
v -0.774924 6.813759 -7.548714
v -2.078932 5.963018 -6.179485
v -1.130248 7.226656 -5.228158
v -2.092469 8.435782 -1.756364
v -1.800004 8.472208 -1.480139
v -1.980951 8.603892 -1.656158
v -2.154185 8.574877 -1.821605
v -3.045178 7.526729 -4.835688
v -2.938544 7.140427 -5.252268
v -2.211157 7.740115 -4.676046
v -2.484599 7.641714 -4.478642
v -4.210091 8.411554 -4.842576
v -4.608609 8.301616 -4.972757
v -4.297002 7.807819 -5.267266
v -4.060986 8.541016 -4.873694
v -5.581845 9.054234 -7.410501
v -5.622996 9.060845 -7.432349
v -5.981784 8.915724 -7.525785
v -5.772262 8.746172 -7.881109
v -5.163041 9.058983 -7.067974
v -5.520549 9.208229 -7.724654
v -6.042379 10.481959 -9.021993
v -6.255707 10.433398 -8.825606
v -6.334605 10.843590 -9.192384
v -6.080346 10.737377 -9.439673
v -5.904987 10.912857 -9.325371
v -6.078544 10.575516 -9.123098
v -6.493403 14.520939 -9.385125
v -6.573804 14.440157 -9.445199
v -6.684961 14.492285 -9.325070
v -6.564872 14.353271 -9.284900
v -6.271565 11.666155 -9.093863
v -6.526384 11.934690 -9.163248
v -6.513707 11.839453 -9.405731
v -6.332301 12.008545 -9.298038
v -7.153986 13.332936 -7.120478
v -7.168565 13.209823 -7.105680
v -7.044409 13.071230 -7.074381
v -7.015473 13.330272 -7.102857
v -6.733262 12.177676 -9.192266
v -6.416326 13.326467 -9.353907
v -6.394358 13.009514 -9.338286
v -6.443018 12.181639 -9.150893
v -1.657327 7.499674 -2.170240
v -2.175433 7.442764 -2.691851
v -2.298687 7.705472 -2.793037
v -1.973080 7.760119 -2.505639
v -4.482712 10.437183 -6.827153
v -4.475484 10.432317 -6.811573
v -4.242712 10.425746 -6.621756
v -4.425562 10.517923 -6.990456
v -7.316028 11.360873 -8.407925
v -7.285210 11.177423 -8.247625
v -7.186968 11.204717 -8.329628
v -7.198161 11.243729 -8.373903
v -6.519535 13.306725 -9.215434
v -6.497086 12.991673 -9.194848
v -5.471887 13.850840 -8.709923
v -5.528058 13.840528 -8.639515
v -5.515122 13.666852 -8.626319
v -5.457009 13.678169 -8.702854
v -0.004163 2.673711 -7.865429
v -0.034337 2.686087 -7.829285
v -0.284713 2.675895 -7.866972
v -0.302852 2.683905 -7.827723
v -2.138466 4.998633 -3.036561
v -2.562897 4.880764 -3.512555
v -2.533460 4.882389 -3.539669
v -2.111333 4.995931 -3.065918
v -0.543456 2.673711 -7.865429
v -0.549559 2.686087 -7.829285
v -2.562897 4.880764 -3.512555
v -2.138466 4.998633 -3.036561
v -2.533460 4.882389 -3.539669
v -2.111333 4.995931 -3.065918
vt 0.0000 1.0000
vt 1.0000 0.0000
vt 0.0000 0.0000
vt 1.0000 0.0000
vt 1.0000 1.0000
vt 1.0000 1.0000
vt 1.0000 0.0000
vt 1.0000 1.0000
vt 1.0000 0.0000
vt 1.0000 0.0000
vt 1.0000 0.0000
vt 0.0000 0.0000
vt 0.0000 1.0000
vt 0.0000 1.0000
vt 0.0000 1.0000
vt 0.0000 1.0000
vt 1.0000 0.0000
vt 1.0000 0.0000
vt 1.0000 0.0000
vt 0.0000 1.0000
vt 0.0000 1.0000
vt 1.0000 0.0000
vt 1.0000 0.0000
vt 1.0000 0.0000
vt 1.0000 0.0000
vt 1.0000 0.0000
vt 1.0000 0.0000
vt 1.0000 0.0000
vt 0.0000 1.0000
vt 0.0000 0.0000
vt 0.0000 0.0000
vt 0.0000 0.0000
vt 1.0000 0.0000
vt 0.0000 0.0000
vt 0.0000 0.0000
vt 0.0000 0.0000
vt 0.0000 0.0000
vt 0.0000 0.0000
vt 0.0000 0.0000
vt 0.0000 0.0000
vt 0.0000 0.0000
vt 0.0000 0.0000
vt 0.0000 0.0000
vt 0.0000 1.0000
vt 0.0000 0.0000
vt 0.0000 0.0000
vt 0.0000 0.0000
vt 0.0000 0.0000
vt 0.0000 0.0000
vt 0.0000 0.0000
vt 0.0000 0.0000
vt 0.0000 0.0000
vt 0.0000 0.0000
vt 0.0000 0.0000
vt 0.0000 0.0000
vt 0.0000 0.0000
vt 0.0000 0.0000
vt 0.0000 0.0000
vt 0.0000 0.0000
vt 0.0000 0.0000
vt 0.0000 0.0000
vt 0.0000 0.0000
vt 0.0000 0.0000
vt 0.0000 0.0000
vt 0.0000 0.0000
vt 0.0000 0.0000
vt 0.0000 0.0000
vt 0.0000 0.0000
vt 0.0000 0.0000
vt 0.0000 0.0000
vt 0.0000 0.0000
vt 0.0000 0.0000
vt 0.0000 0.0000
vt 0.0000 0.0000
vt 0.0000 0.0000
vt 0.0000 0.0000
vt 0.0000 0.0000
vt 0.0000 0.0000
vt 0.0000 0.0000
vt 0.0000 0.0000
vt 0.0000 0.0000
vt 0.0000 0.0000
vt 0.0000 0.0000
vt 0.0000 0.0000
vt 0.0000 0.0000
vt 0.0000 0.0000
vt 0.0000 0.0000
vt 0.0000 0.0000
vt 0.0000 0.0000
vt 0.0000 0.0000
vt 0.0000 0.0000
vt 0.0000 0.0000
vt 0.0000 0.0000
vt 0.0000 0.0000
vt 0.0000 0.0000
vt 0.0000 0.0000
vt 0.0000 0.0000
vt 0.0000 0.0000
vt 0.0000 0.0000
vt 0.0000 0.0000
vt 0.0000 0.0000
vt 0.0000 0.0000
vt 0.0000 0.0000
vt 0.0000 0.0000
vt 0.0000 0.0000
vt 0.0000 0.0000
vt 0.0000 0.0000
vt 0.0000 0.0000
vt 0.0000 0.0000
vt 0.0000 0.0000
vt 0.0000 0.0000
vt 0.0000 0.0000
vt 1.0000 0.0000
vt 0.0000 1.0000
vt 0.0000 0.0000
vt 1.0000 0.0000
vt 1.0000 1.0000
vt 1.0000 1.0000
vt 1.0000 1.0000
vt 1.0000 0.0000
vt 1.0000 0.0000
vt 1.0000 0.0000
vt 1.0000 0.0000
vt 0.0000 0.0000
vt 0.0000 1.0000
vt 0.0000 1.0000
vt 0.0000 1.0000
vt 0.0000 1.0000
vt 1.0000 0.0000
vt 0.0000 1.0000
vt 0.0000 1.0000
vt 1.0000 0.0000
vt 1.0000 0.0000
vt 1.0000 0.0000
vt 1.0000 0.0000
vt 0.0000 1.0000
vt 0.0000 0.0000
vt 0.0000 0.0000
vt 0.0000 0.0000
vt 0.0000 0.0000
vt 0.0000 0.0000
vt 0.0000 0.0000
vt 0.0000 0.0000
vt 0.0000 0.0000
vt 0.0000 0.0000
vt 0.0000 0.0000
vt 0.0000 0.0000
vt 0.0000 1.0000
vt 0.0000 0.0000
vt 0.0000 0.0000
vt 0.0000 0.0000
vt 0.0000 0.0000
vt 0.0000 0.0000
vt 0.0000 0.0000
vt 0.0000 0.0000
vt 0.0000 0.0000
vt 0.0000 0.0000
vt 0.0000 0.0000
vt 0.0000 0.0000
vt 0.0000 0.0000
vt 0.0000 0.0000
vt 0.0000 0.0000
vt 0.0000 0.0000
vt 0.0000 0.0000
vt 0.0000 0.0000
vt 0.0000 0.0000
vt 0.0000 0.0000
vt 0.0000 0.0000
vt 0.0000 0.0000
vt 0.0000 0.0000
vt 0.0000 0.0000
vt 0.0000 0.0000
vt 0.0000 0.0000
vt 0.0000 0.0000
vt 0.0000 0.0000
vt 0.0000 0.0000
vt 0.0000 0.0000
vt 0.0000 0.0000
vt 0.0000 0.0000
vt 0.0000 0.0000
vt 0.0000 0.0000
vt 0.0000 0.0000
vt 0.0000 0.0000
vt 0.0000 0.0000
vt 0.0000 0.0000
vt 0.0000 0.0000
vt 0.0000 0.0000
vt 0.0000 0.0000
vt 0.0000 0.0000
vt 0.0000 0.0000
vt 0.0000 0.0000
vt 0.0000 0.0000
vt 0.0000 0.0000
vt 0.0000 0.0000
vt 0.0000 0.0000
vt 0.0000 0.0000
vt 0.0000 0.0000
vt 0.0000 0.0000
vt 0.0000 0.0000
vt 0.0000 0.0000
vt 0.0000 0.0000
vt 0.0000 0.0000
vt 0.0000 0.0000
vt 0.0000 0.0000
vt 0.0000 0.0000
vt 0.0000 0.0000
vt 0.0000 0.0000
vt 0.0000 0.0000
vt 0.0000 0.0000
vt 0.0000 0.0000
vt 0.0000 0.0000
vt 0.0000 0.0000
vt 0.0000 0.0000
vt 0.0000 0.0000
vt 0.0000 1.0000
vt 1.0000 0.0000
vt 1.0000 1.0000
vt 1.0000 0.0000
vt 1.0000 1.0000
vt 1.0000 0.0000
vt 1.0000 1.0000
vt 1.0000 0.0000
vt 1.0000 0.0000
vt 1.0000 0.0000
vt 0.0000 0.0000
vt 0.0000 1.0000
vt 0.0000 1.0000
vt 0.0000 1.0000
vt 0.0000 1.0000
vt 0.0000 1.0000
vt 1.0000 0.0000
vt 1.0000 0.0000
vt 1.0000 0.0000
vt 1.0000 0.0000
vt 0.0000 1.0000
vt 0.0000 1.0000
vt 1.0000 0.0000
vt 1.0000 0.0000
vt 1.0000 0.0000
vt 1.0000 0.0000
vt 1.0000 0.0000
vt 1.0000 0.0000
vt 1.0000 0.0000
vt 0.0000 1.0000
vt 0.0000 1.0000
vt 0.0000 0.0000
vt 0.0000 0.0000
vt 0.0000 0.0000
vt 0.0000 0.0000
vt 0.0000 0.0000
vt 0.0000 0.0000
vt 0.0000 0.0000
vt 0.0000 0.0000
vt 0.0000 0.0000
vt 0.0000 0.0000
vt 0.0000 0.0000
vt 0.0000 0.0000
vt 0.0000 0.0000
vt 0.0000 0.0000
vt 0.0000 0.0000
vt 0.0000 1.0000
vt 0.0000 1.0000
vt 0.0000 0.0000
vt 0.0000 0.0000
vt 0.0000 0.0000
vt 0.0000 0.0000
vt 0.0000 0.0000
vt 0.0000 0.0000
vt 0.0000 0.0000
vt 0.0000 0.0000
vt 0.0000 0.0000
vt 0.0000 0.0000
vt 0.0000 0.0000
vt 0.0000 0.0000
vt 0.0000 0.0000
vt 0.0000 0.0000
vt 0.0000 0.0000
vt 0.0000 0.0000
vt 0.0000 0.0000
vt 0.0000 0.0000
vt 0.0000 0.0000
vt 0.0000 0.0000
vt 0.0000 0.0000
vt 0.0000 0.0000
vt 0.0000 0.0000
vt 0.0000 0.0000
vt 0.0000 0.0000
vt 0.0000 0.0000
vt 0.0000 0.0000
vt 0.0000 0.0000
vt 0.0000 0.0000
vt 0.0000 0.0000
vt 0.0000 0.0000
vt 0.0000 0.0000
vt 0.0000 0.0000
vt 0.0000 0.0000
vt 0.0000 0.0000
vt 0.0000 0.0000
vt 0.0000 0.0000
vt 0.0000 0.0000
vt 0.0000 0.0000
vt 0.0000 0.0000
vt 0.0000 0.0000
vt 0.0000 0.0000
vt 0.0000 0.0000
vt 0.0000 0.0000
vt 0.0000 0.0000
vt 0.0000 0.0000
vt 0.0000 0.0000
vt 0.0000 0.0000
vt 0.0000 0.0000
vt 0.0000 0.0000
vt 0.0000 0.0000
vt 0.0000 0.0000
vt 0.0000 0.0000
vt 0.0000 0.0000
vt 0.0000 0.0000
vt 0.0000 0.0000
vt 0.0000 0.0000
vt 0.0000 0.0000
vt 0.0000 0.0000
vt 0.0000 0.0000
vt 0.0000 0.0000
vt 0.0000 0.0000
vt 0.0000 0.0000
vt 0.0000 0.0000
vt 0.0000 0.0000
vt 0.0000 0.0000
vt 0.0000 0.0000
vt 0.0000 0.0000
vt 0.0000 0.0000
vt 0.0000 0.0000
vt 0.0000 0.0000
vt 0.0000 0.0000
vt 1.0000 0.0000
vt 0.0000 1.0000
vt 1.0000 1.0000
vt 1.0000 0.0000
vt 1.0000 0.0000
vt 1.0000 1.0000
vt 1.0000 1.0000
vt 1.0000 0.0000
vt 1.0000 0.0000
vt 1.0000 0.0000
vt 0.0000 0.0000
vt 0.0000 1.0000
vt 0.0000 1.0000
vt 0.0000 1.0000
vt 0.0000 1.0000
vt 0.0000 1.0000
vt 1.0000 0.0000
vt 0.0000 1.0000
vt 0.0000 1.0000
vt 1.0000 0.0000
vt 1.0000 0.0000
vt 1.0000 0.0000
vt 1.0000 0.0000
vt 0.0000 1.0000
vt 0.0000 1.0000
vt 0.0000 0.0000
vt 0.0000 0.0000
vt 0.0000 0.0000
vt 0.0000 0.0000
vt 0.0000 0.0000
vt 0.0000 0.0000
vt 0.0000 0.0000
vt 0.0000 0.0000
vt 0.0000 0.0000
vt 0.0000 0.0000
vt 0.0000 0.0000
vt 0.0000 0.0000
vt 0.0000 0.0000
vt 0.0000 1.0000
vt 0.0000 1.0000
vt 0.0000 0.0000
vt 0.0000 0.0000
vt 0.0000 0.0000
vt 0.0000 0.0000
vt 0.0000 0.0000
vt 0.0000 0.0000
vt 0.0000 0.0000
vt 0.0000 0.0000
vt 0.0000 0.0000
vt 0.0000 0.0000
vt 0.0000 0.0000
vt 0.0000 0.0000
vt 0.0000 0.0000
vt 0.0000 0.0000
vt 0.0000 0.0000
vt 0.0000 0.0000
vt 0.0000 0.0000
vt 0.0000 0.0000
vt 0.0000 0.0000
vt 0.0000 0.0000
vt 0.0000 0.0000
vt 0.0000 0.0000
vt 0.0000 0.0000
vt 0.0000 0.0000
vt 0.0000 0.0000
vt 0.0000 0.0000
vt 0.0000 0.0000
vt 0.0000 0.0000
vt 0.0000 0.0000
vt 0.0000 0.0000
vt 0.0000 0.0000
vt 0.0000 0.0000
vt 0.0000 0.0000
vt 0.0000 0.0000
vt 0.0000 0.0000
vt 0.0000 0.0000
vt 0.0000 0.0000
vt 0.0000 0.0000
vt 0.0000 0.0000
vt 0.0000 0.0000
vt 0.0000 0.0000
vt 0.0000 0.0000
vt 0.0000 0.0000
vt 0.0000 0.0000
vt 0.0000 0.0000
vt 0.0000 0.0000
vt 0.0000 0.0000
vt 0.0000 0.0000
vt 0.0000 0.0000
vt 0.0000 0.0000
vt 0.0000 0.0000
vt 0.0000 0.0000
vt 0.0000 0.0000
vt 0.0000 0.0000
vt 0.0000 0.0000
vt 0.0000 0.0000
vt 0.0000 0.0000
vt 0.0000 0.0000
vt 0.0000 0.0000
vt 0.0000 0.0000
vt 0.0000 0.0000
vt 0.0000 0.0000
vt 0.0000 0.0000
vt 0.0000 0.0000
vt 0.0000 0.0000
vt 0.0000 0.0000
vt 0.0000 0.0000
vt 0.0000 0.0000
vt 0.0000 0.0000
vt 0.0000 0.0000
vt 0.0000 1.0000
vt 0.0000 1.0000
vt 0.0000 1.0000
vt 0.0000 1.0000
vt 0.0000 1.0000
vt 0.0000 0.0000
vt 0.0000 0.0000
vt 0.0000 1.0000
vt 0.0000 1.0000
vt 0.0000 1.0000
vt 1.0000 1.0000
vt 1.0000 1.0000
vt 0.0000 1.0000
vt 0.0000 1.0000
vt 0.0000 1.0000
vt 0.0000 1.0000
vt 0.0000 0.0000
vt 0.0000 0.0000
vt 0.0000 1.0000
vt 0.0000 1.0000
vt 1.0000 1.0000
vt 0.0000 1.0000
vt 1.0000 1.0000
vt 0.0000 1.0000
vt 0.0000 0.0000
vt 0.0000 0.0000
vt 0.0000 0.0000
vt 0.0000 0.0000
vt 0.0000 0.0000
vt 0.0000 0.0000
vn -0.8885 0.4020 -0.2214
vn -0.6828 -0.0320 -0.7299
vn -0.7244 0.0334 -0.6885
vn -0.7434 -0.2872 -0.6041
vn -0.6893 -0.0607 -0.7220
vn -0.7667 -0.2732 -0.5810
vn -0.8274 -0.2455 -0.5051
vn -0.2973 -0.6355 -0.7126
vn -0.8282 -0.2519 -0.5007
vn -0.7642 -0.4338 -0.4773
vn -0.9306 -0.3052 -0.2022
vn -0.8289 0.2367 -0.5069
vn -0.8350 0.2206 -0.5041
vn -0.8197 0.2596 -0.5106
vn -0.8541 -0.0797 -0.5139
vn -0.7347 -0.1085 -0.6696
vn -0.8650 -0.3120 -0.3930
vn -0.8734 -0.3055 -0.3793
vn -0.8827 -0.2978 -0.3635
vn -0.7296 -0.6837 -0.0161
vn -0.2478 -0.5803 -0.7758
vn -0.1186 -0.6399 -0.7592
vn -0.2924 -0.5563 -0.7778
vn -0.1551 -0.8028 -0.5758
vn -0.3593 -0.7361 -0.5737
vn -0.1252 -0.8093 -0.5739
vn -0.6962 -0.3149 -0.6451
vn -0.8318 -0.4348 -0.3449
vn -0.7056 -0.7084 -0.0169
vn -0.5944 -0.6667 -0.4496
vn -0.9282 -0.3174 -0.1941
vn -0.6516 -0.6554 -0.3819
vn -0.0382 -0.7737 -0.6324
vn -0.0439 -0.7706 -0.6357
vn 0.0150 -0.8002 -0.5995
vn 0.0318 0.2885 -0.9570
vn -0.3892 0.5137 -0.7646
vn -0.3363 0.6235 -0.7058
vn -0.3142 0.5075 -0.8023
vn -0.8202 0.5459 -0.1710
vn -0.9430 0.2871 -0.1684
vn -0.7840 0.5972 -0.1697
vn -0.9494 0.1669 -0.2659
vn -0.6289 -0.3994 -0.6671
vn -0.5033 -0.4720 -0.7238
vn -0.7608 -0.0975 -0.6417
vn -0.5536 -0.5516 -0.6239
vn 0.1402 -0.8040 -0.5779
vn -0.0553 -0.8458 -0.5307
vn -0.4012 -0.4010 -0.8236
vn -0.7389 -0.6367 -0.2204
vn -0.9255 0.1214 -0.3588
vn -0.5382 -0.4162 -0.7329
vn 0.1177 -0.6808 -0.7230
vn -0.0670 -0.8989 -0.4330
vn -0.0845 -0.8485 -0.5225
vn -0.0182 -0.9835 -0.1798
vn 0.1318 -0.6793 -0.7219
vn 0.3730 -0.9060 -0.2000
vn 0.3816 -0.9084 -0.1707
vn -0.9524 -0.2928 0.0844
vn -0.9524 -0.2928 0.0848
vn -0.9514 -0.2919 0.0977
vn -0.4905 -0.8255 0.2792
vn -0.9664 0.0483 0.2525
vn -0.8794 0.1795 0.4410
vn -0.7646 0.6148 0.1931
vn -0.8315 0.5396 0.1317
vn -0.8481 0.5172 0.1147
vn -0.9814 0.1876 0.0403
vn -0.8877 0.4040 0.2207
vn -0.6842 -0.1199 -0.7193
vn -0.5584 -0.0333 -0.8289
vn -0.5383 -0.2026 -0.8181
vn -0.8630 0.4668 0.1930
vn -0.8514 0.4625 -0.2475
vn -0.7320 0.2441 -0.6361
vn 0.2731 -0.9619 -0.0089
vn 0.2447 -0.9692 -0.0294
vn 0.2906 -0.9568 0.0039
vn -0.3335 -0.8726 0.3568
vn -0.7216 -0.6241 0.2996
vn -0.5371 -0.7259 0.4297
vn -0.4137 -0.7247 0.5511
vn -0.1179 -0.6518 0.7492
vn -0.2415 -0.9168 0.3179
vn 0.5443 -0.8165 -0.1924
vn 0.0175 -0.9998 0.0059
vn -0.7185 0.1399 -0.6813
vn -0.6958 0.1712 -0.6976
vn -0.7297 0.1237 -0.6725
vn -0.8059 0.5603 -0.1911
vn -0.8395 0.5055 -0.1994
vn -0.8816 0.4228 -0.2098
vn 0.3268 -0.4653 0.8226
vn 0.2930 -0.4814 0.8261
vn 0.2598 -0.4963 0.8284
vn 0.2230 -0.7877 -0.5742
vn 0.3183 -0.7912 -0.5222
vn 0.3807 -0.7882 -0.4835
vn -0.2475 0.3233 -0.9134
vn -0.4090 0.5506 -0.7277
vn -0.4220 0.5690 -0.7058
vn -0.3628 0.6317 -0.6850
vn -0.3606 0.6688 -0.6502
vn -0.3631 0.6238 -0.6921
vn 0.2567 -0.4319 0.8646
vn 0.2828 -0.4499 0.8472
vn 0.2351 -0.4168 0.8781
vn -0.0924 -0.2561 -0.9622
vn 0.2039 -0.6695 -0.7143
vn 0.2153 -0.6827 -0.6983
vn -0.3779 -0.8334 -0.4032
vn -0.3468 -0.8503 -0.3958
vn -0.3451 -0.8512 -0.3954
vn -0.3778 -0.8401 -0.3892
vn -0.6092 0.7908 -0.0596
vn -0.7416 0.6305 -0.2290
vn -0.7518 0.6122 -0.2449
vn 0.8808 0.0544 0.4704
vn 0.8851 0.0406 0.4635
vn 0.8803 0.0560 0.4712
vn 0.8111 0.2360 0.5351
vn -0.4139 -0.8073 -0.4207
vn -0.5568 -0.6959 -0.4534
vn -0.5630 -0.6902 -0.4546
vn 0.4386 -0.7247 -0.5314
vn -0.3160 -0.5959 -0.7383
vn 0.4972 -0.7134 -0.4939
vn -0.7469 0.4806 0.4595
vn -0.8538 0.4193 0.3084
vn -0.8639 0.4114 0.2907
vn -0.7098 0.5140 0.4817
vn 0.7564 0.3459 0.5551
vn 0.8252 0.2631 0.4998
vn 0.8288 0.2582 0.4964
vn 0.3496 -0.7418 -0.5723
vn 0.4501 -0.7265 -0.5193
vn 0.3474 -0.7420 -0.5733
vn -0.5155 -0.5200 -0.6811
vn 0.1065 -0.7316 -0.6734
vn -0.0890 -0.9767 -0.1955
vn -0.3324 -0.6068 0.7220
vn -0.1217 0.0910 -0.9884
vn -0.2706 0.0876 -0.9587
vn -0.3084 0.0864 -0.9473
vn -0.7171 0.4470 0.5347
vn -0.7209 0.4479 0.5288
vn -0.7167 0.4469 0.5353
vn 0.3338 -0.2475 0.9096
vn 0.3177 -0.2326 0.9192
vn 0.3159 -0.2308 0.9203
vn 0.7623 -0.4730 0.4418
vn 0.7047 -0.1500 -0.6935
vn 0.6932 -0.4683 0.5479
vn -0.1081 -0.0650 -0.9920
vn -0.1107 -0.0681 -0.9915
vn -0.1167 -0.0750 -0.9903
vn -0.7134 0.0309 0.7001
vn -0.6447 0.0415 0.7633
vn -0.7151 0.0306 0.6984
vn -0.6721 -0.0199 0.7402
vn 0.5333 -0.0049 0.8459
vn 0.5647 0.0010 0.8253
vn 0.5794 -0.0052 0.8150
vn 0.4620 0.0174 0.8867
vn 0.8411 -0.2144 -0.4966
vn 0.8149 -0.5767 0.0582
vn 0.7733 -0.0791 -0.6291
vn 0.7319 -0.0711 -0.6777
vn -0.0788 0.9827 -0.1676
vn -0.0517 0.9837 -0.1725
vn -0.0855 0.9823 -0.1664
vn -0.8848 0.3246 -0.3344
vn -0.8647 0.3688 -0.3411
vn -0.8872 0.3189 -0.3334
vn -0.1443 -0.9892 0.0271
vn -0.0878 -0.9955 0.0349
vn -0.0848 -0.9958 0.0353
vn 0.6664 -0.7198 0.1941
vn 0.6403 -0.7410 0.2023
vn 0.6363 -0.7441 0.2035
vn -0.6171 0.5146 -0.5953
vn -0.6118 0.5148 -0.6006
vn -0.6192 0.5145 -0.5931
vn -0.8158 0.3739 -0.4412
vn -0.8721 0.2930 -0.3919
vn -0.8752 0.2880 -0.3887
vn 0.5308 -0.5899 0.6086
vn 0.5716 -0.5762 0.5842
vn 0.5752 -0.5749 0.5819
vn 0.7538 -0.4512 0.4777
vn 0.7566 -0.4503 0.4741
vn 0.7572 -0.4501 0.4733
vn -0.4450 -0.7960 -0.4103
vn -0.4484 -0.7947 -0.4091
vn -0.4440 -0.7964 -0.4107
vn -0.8032 -0.5610 -0.2006
vn -0.8022 -0.5646 -0.1944
vn -0.8021 -0.5648 -0.1940
vn 0.7854 0.3723 0.4945
vn 0.7833 0.3708 0.4989
vn 0.7829 0.3706 0.4997
vn -0.6912 -0.2542 -0.6765
vn -0.6807 -0.2462 -0.6899
vn -0.6926 -0.2552 -0.6747
vn -0.7509 -0.3635 -0.5514
vn -0.7587 -0.3793 -0.5296
vn -0.7508 -0.3634 -0.5516
vn 0.7166 -0.5546 -0.4230
vn 0.7055 -0.5681 -0.4236
vn 0.6108 -0.6689 -0.4237
vn 0.6552 -0.4702 -0.5913
vn 0.6446 -0.5174 -0.5628
vn 0.6562 -0.4651 -0.5942
vn 0.6216 -0.6630 -0.4171
vn 0.6262 -0.6477 -0.4340
vn 0.6213 -0.6640 -0.4160
vn 0.6453 -0.6140 -0.4545
vn 0.6361 -0.5034 -0.5848
vn 0.6358 -0.5012 -0.5870
vn -0.6395 0.5629 0.5236
vn -0.6449 0.5476 0.5332
vn -0.6456 0.5454 0.5345
vn -0.0078 -0.0671 -0.9977
vn -0.0356 -0.0635 -0.9973
vn -0.0069 -0.0672 -0.9977
vn -0.0071 -0.0675 -0.9977
vn -0.0497 -0.0774 -0.9958
vn -0.0520 -0.0779 -0.9956
vn -0.7459 0.5874 -0.3139
vn -0.3628 0.7203 -0.5913
vn -0.3440 0.7221 -0.6002
vn -0.8898 -0.0221 0.4559
vn -0.8773 -0.0520 0.4771
vn -0.8770 -0.0528 0.4776
vn 0.0918 -0.7226 0.6851
vn 0.0760 -0.7206 0.6892
vn 0.0932 -0.7228 0.6847
vn 0.8698 -0.0726 -0.4880
vn 0.7593 -0.6495 0.0399
vn 0.8433 0.0104 -0.5373
vn 0.7449 -0.0509 -0.6653
vn 0.7384 -0.0472 -0.6727
vn 0.7471 -0.0522 -0.6626
vn 0.6913 -0.0867 -0.7174
vn 0.5904 -0.0732 -0.8038
vn 0.6967 -0.0874 -0.7120
vn 0.4589 0.0170 0.8883
vn 0.4544 0.0008 0.8908
vn 0.4593 0.0187 0.8881
vn 0.4394 0.8819 -0.1709
vn 0.4451 0.8811 -0.1599
vn 0.4392 0.8819 -0.1714
vn -0.4332 -0.0416 -0.9003
vn -0.4342 -0.0452 -0.8997
vn -0.4342 -0.0454 -0.8997
vn -0.3714 -0.9226 0.1043
vn -0.3545 -0.9249 0.1371
vn -0.3543 -0.9250 0.1377
vn 0.6828 -0.0320 -0.7299
vn 0.8894 0.4008 -0.2198
vn 0.7244 0.0334 -0.6885
vn 0.7502 -0.2721 -0.6027
vn 0.6893 -0.0607 -0.7220
vn 0.2348 -0.6738 -0.7006
vn 0.7644 -0.2700 -0.5855
vn 0.8271 -0.2463 -0.5053
vn 0.8282 -0.2519 -0.5007
vn 0.7641 -0.4338 -0.4773
vn 0.9305 -0.3053 -0.2022
vn 0.8347 0.2210 -0.5044
vn 0.8290 0.2364 -0.5068
vn 0.8206 0.2580 -0.5099
vn 0.8541 -0.0797 -0.5139
vn 0.7347 -0.1085 -0.6696
vn 0.8734 -0.3055 -0.3793
vn 0.8650 -0.3120 -0.3930
vn 0.8827 -0.2978 -0.3635
vn 0.7296 -0.6837 -0.0161
vn 0.1247 -0.6393 -0.7588
vn 0.2678 -0.5741 -0.7738
vn 0.3111 -0.5507 -0.7745
vn 0.3818 -0.7273 -0.5704
vn 0.1587 -0.8023 -0.5754
vn 0.1282 -0.8090 -0.5737
vn 0.6962 -0.3149 -0.6450
vn 0.8318 -0.4348 -0.3449
vn 0.7056 -0.7084 -0.0169
vn 0.5944 -0.6667 -0.4496
vn 0.9283 -0.3173 -0.1941
vn 0.6515 -0.6554 -0.3820
vn 0.0462 -0.7702 -0.6361
vn 0.0381 -0.7744 -0.6315
vn -0.0153 -0.8001 -0.5997
vn -0.0325 0.2885 -0.9569
vn 0.3937 0.5109 -0.7642
vn 0.3566 0.5900 -0.7244
vn 0.3384 0.5030 -0.7953
vn 0.9429 0.2872 -0.1684
vn 0.8202 0.5459 -0.1710
vn 0.7840 0.5972 -0.1697
vn 0.9494 0.1670 -0.2659
vn 0.6289 -0.3994 -0.6671
vn 0.5033 -0.4720 -0.7238
vn 0.7608 -0.0975 -0.6417
vn 0.5536 -0.5515 -0.6239
vn -0.1546 -0.8046 -0.5733
vn 0.0599 -0.8445 -0.5321
vn 0.4012 -0.4010 -0.8235
vn 0.7389 -0.6367 -0.2204
vn 0.9255 0.1214 -0.3588
vn 0.5382 -0.4162 -0.7329
vn -0.1297 -0.6808 -0.7209
vn 0.0182 -0.9835 -0.1797
vn -0.0077 -0.4942 -0.8693
vn 0.9525 -0.2928 0.0841
vn 0.9524 -0.2928 0.0845
vn 0.9536 -0.2941 0.0641
vn 0.4905 -0.8255 0.2792
vn 0.9664 0.0483 0.2525
vn 0.8794 0.1795 0.4410
vn 0.8334 0.5373 0.1295
vn 0.7629 0.6163 0.1956
vn 0.8507 0.5139 0.1103
vn 0.9814 0.1876 0.0403
vn 0.8877 0.4040 0.2207
vn 0.6842 -0.1199 -0.7194
vn 0.5584 -0.0333 -0.8289
vn 0.5383 -0.2026 -0.8181
vn 0.8630 0.4668 0.1930
vn 0.8514 0.4625 -0.2475
vn 0.7320 0.2441 -0.6361
vn -0.2863 -0.9575 -0.0349
vn -0.2699 -0.9618 -0.0447
vn -0.2627 -0.9636 -0.0491
vn 0.2698 -0.8935 0.3590
vn 0.7216 -0.6242 0.2995
vn 0.5371 -0.7259 0.4297
vn 0.4137 -0.7247 0.5511
vn 0.7283 -0.6663 0.1599
vn 0.2415 -0.9168 0.3179
vn -0.5443 -0.8165 -0.1924
vn -0.0176 -0.9998 0.0059
vn 0.6958 0.1712 -0.6976
vn 0.7185 0.1399 -0.6813
vn 0.7297 0.1237 -0.6725
vn 0.8060 0.5603 -0.1911
vn 0.8395 0.5055 -0.1993
vn 0.7559 0.6298 -0.1787
vn -0.3268 -0.4653 0.8226
vn -0.2930 -0.4814 0.8261
vn -0.3453 -0.4562 0.8202
vn -0.3183 -0.7912 -0.5222
vn -0.2230 -0.7877 -0.5742
vn -0.3807 -0.7882 -0.4835
vn 0.4090 0.5507 -0.7277
vn 0.2476 0.3234 -0.9133
vn 0.4220 0.5691 -0.7058
vn 0.3628 0.6317 -0.6851
vn 0.3606 0.6687 -0.6502
vn 0.3600 0.6764 -0.6425
vn -0.2567 -0.4320 0.8646
vn -0.2828 -0.4499 0.8471
vn -0.2968 -0.4594 0.8372
vn -0.2038 -0.6695 -0.7143
vn 0.0924 -0.2561 -0.9622
vn -0.2153 -0.6827 -0.6983
vn 0.3594 -0.8293 -0.4279
vn 0.3634 -0.8016 -0.4748
vn 0.3566 -0.8441 -0.4004
vn 0.3448 -0.8519 -0.3942
vn 0.7381 0.6322 -0.2356
vn 0.6051 0.7936 -0.0635
vn 0.7483 0.6138 -0.2517
vn -0.8188 0.2092 0.5346
vn -0.8181 0.2264 0.5286
vn -0.8190 0.2022 0.5370
vn -0.8852 0.0397 0.4635
vn 0.4124 -0.8080 -0.4208
vn 0.5567 -0.6958 -0.4539
vn 0.4086 -0.8104 -0.4198
vn -0.4406 -0.7241 -0.5306
vn 0.3143 -0.5962 -0.7388
vn 0.3687 -0.5686 -0.7353
vn 0.6931 0.5311 0.4874
vn 0.6768 0.5472 0.4924
vn 0.6722 0.5517 0.4938
vn 0.8718 0.3794 0.3099
vn -0.8254 0.2630 0.4996
vn -0.7580 0.3444 0.5540
vn -0.8289 0.2583 0.4963
vn 0.4916 -0.5437 -0.6802
vn 0.5125 -0.5411 -0.6668
vn 0.4636 -0.5467 -0.6973
vn -0.4472 -0.7271 -0.5210
vn 0.0890 -0.9767 -0.1955
vn -0.1065 -0.7316 -0.6734
vn 0.3324 -0.6068 0.7220
vn 0.3205 0.0799 -0.9439
vn 0.3181 0.0800 -0.9447
vn 0.3207 0.0799 -0.9438
vn 0.9812 0.1928 -0.0069
vn 0.7650 0.2541 0.5918
vn 0.7213 0.2545 0.6441
vn -0.3795 -0.1697 0.9095
vn -0.4012 -0.1831 0.8975
vn -0.3772 -0.1683 0.9107
vn -0.8832 -0.3185 -0.3443
vn -0.6676 -0.1223 -0.7344
vn -0.6352 -0.0996 -0.7659
vn 0.1120 -0.0757 -0.9908
vn 0.1145 -0.0786 -0.9903
vn 0.1040 -0.0667 -0.9923
vn 0.6434 0.0399 0.7645
vn 0.7011 0.0314 0.7124
vn 0.7025 0.0311 0.7110
vn -0.5927 -0.0079 0.8054
vn -0.4625 0.0173 0.8865
vn -0.5745 -0.0010 0.8185
vn -0.5495 -0.0068 0.8355
vn -0.5726 -0.0048 0.8198
vn -0.8846 -0.3492 -0.3090
vn 0.0788 0.9827 -0.1676
vn 0.0517 0.9837 -0.1725
vn 0.0469 0.9838 -0.1733
vn 0.8848 0.3246 -0.3344
vn 0.8647 0.3687 -0.3411
vn 0.8631 0.3721 -0.3416
vn 0.0878 -0.9955 0.0349
vn 0.1443 -0.9892 0.0271
vn 0.0848 -0.9958 0.0353
vn -0.6403 -0.7411 0.2023
vn -0.6664 -0.7199 0.1941
vn -0.6363 -0.7441 0.2035
vn 0.6171 0.5146 -0.5953
vn 0.6118 0.5148 -0.6006
vn 0.6104 0.5148 -0.6020
vn 0.8721 0.2930 -0.3919
vn 0.8158 0.3739 -0.4412
vn 0.8752 0.2880 -0.3887
vn -0.5716 -0.5762 0.5842
vn -0.5308 -0.5898 0.6086
vn -0.5752 -0.5749 0.5819
vn -0.7566 -0.4503 0.4741
vn -0.7538 -0.4512 0.4777
vn -0.7572 -0.4501 0.4733
vn 0.4464 -0.7950 -0.4107
vn 0.4504 -0.7935 -0.4092
vn 0.4640 -0.7882 -0.4043
vn 0.7935 -0.5767 -0.1946
vn 0.7955 -0.5693 -0.2074
vn 0.7934 -0.5771 -0.1939
vn -0.7716 0.3638 0.5218
vn -0.7826 0.3711 0.4999
vn -0.7697 0.3626 0.5254
vn 0.6915 -0.2554 -0.6757
vn 0.6833 -0.2492 -0.6863
vn 0.6827 -0.2487 -0.6871
vn 0.7495 -0.3608 -0.5551
vn 0.4498 0.0269 -0.8927
vn 0.4491 0.0276 -0.8930
vn -0.7141 -0.5561 -0.4253
vn -0.7031 -0.5695 -0.4259
vn -0.7510 -0.5077 -0.4223
vn -0.6755 -0.4822 -0.5579
vn -0.6642 -0.5364 -0.5207
vn -0.6637 -0.5386 -0.5191
vn -0.6477 -0.6502 -0.3972
vn -0.6519 -0.6341 -0.4159
vn -0.6520 -0.6336 -0.4164
vn -0.6543 -0.4669 -0.5949
vn -0.6710 -0.5679 -0.4767
vn -0.6538 -0.4649 -0.5970
vn 0.6691 0.5408 0.5097
vn 0.6657 0.5521 0.5020
vn 0.6696 0.5393 0.5107
vn 0.0463 -0.0657 -0.9968
vn 0.0802 -0.0733 -0.9941
vn 0.0430 -0.0649 -0.9970
vn 0.0415 -0.0628 -0.9972
vn 0.0354 -0.0636 -0.9973
vn 0.0352 -0.0637 -0.9974
vn 0.8241 0.5597 -0.0872
vn 0.8153 0.5711 -0.0958
vn 0.8244 0.5594 -0.0869
vn 0.7491 0.6424 -0.1620
vn 0.9775 -0.0032 0.2107
vn 0.7407 0.6505 -0.1679
vn -0.0717 -0.8815 0.4667
vn -0.0985 -0.8813 0.4622
vn -0.0992 -0.8813 0.4621
vn -0.9626 0.0058 -0.2708
vn -0.9357 -0.3354 -0.1094
vn -0.9313 -0.3498 -0.1017
vn -0.7618 -0.0479 -0.6461
vn -0.7526 -0.0425 -0.6571
vn -0.7491 -0.0406 -0.6612
vn -0.7004 -0.0873 -0.7084
vn -0.5914 -0.0727 -0.8031
vn -0.5865 -0.0721 -0.8067
vn -0.5552 0.0110 0.8317
vn -0.5505 -0.0059 0.8348
vn -0.5502 -0.0070 0.8350
vn -0.4823 0.8535 -0.1973
vn -0.4796 0.8540 -0.2014
vn -0.4796 0.8541 -0.2015
vn 0.5248 -0.0400 -0.8503
vn 0.5232 -0.0343 -0.8515
vn 0.5249 -0.0404 -0.8502
vn 0.3862 -0.9095 0.1538
vn 0.3991 -0.9071 0.1339
vn 0.3859 -0.9096 0.1542
vn 0.1289 -0.6562 -0.7435
vn -0.4172 -0.8932 -0.1678
vn 0.7132 0.6142 -0.3379
vn -0.7793 -0.0677 -0.6229
vn -0.7412 -0.0775 -0.6668
vn -0.7819 -0.0670 -0.6198
vn 0.3169 0.3215 0.8923
vn 0.6790 0.0389 0.7331
vn 0.6872 0.0668 0.7234
vn 0.7472 0.2765 0.6043
vn 0.7693 0.2660 0.5809
vn 0.8246 0.2492 0.5078
vn 0.8885 -0.4565 -0.0469
vn 0.8240 0.2581 0.5045
vn 0.7645 0.4330 0.4776
vn 0.9276 0.3104 0.2077
vn 0.8316 -0.2338 0.5038
vn 0.8348 -0.2244 0.5028
vn 0.8384 -0.2136 0.5015
vn 0.8555 0.0788 0.5118
vn 0.7345 0.1080 0.6699
vn 0.8652 0.3117 0.3928
vn 0.8735 0.3052 0.3793
vn 0.8558 0.3187 0.4075
vn 0.7389 0.6733 0.0262
vn 0.2471 0.5800 0.7762
vn 0.1235 0.6386 0.7595
vn 0.0770 0.6573 0.7497
vn 0.1625 0.8022 0.5745
vn 0.3552 0.7376 0.5742
vn 0.3804 0.7265 0.5723
vn 0.7037 0.3101 0.6392
vn 0.8355 0.4299 0.3423
vn 0.7139 0.6998 0.0270
vn 0.6017 0.6614 0.4479
vn 0.9282 0.3151 0.1980
vn 0.6480 0.6526 0.3927
vn 0.0441 0.7681 0.6388
vn 0.0502 0.7648 0.6423
vn 0.1195 0.7239 0.6795
vn -0.0213 -0.2847 0.9584
vn 0.3934 -0.5076 0.7665
vn 0.3398 -0.6227 0.7048
vn 0.3168 -0.5038 0.8036
vn 0.8225 -0.5408 0.1760
vn 0.9436 -0.2842 0.1701
vn 0.9563 -0.2396 0.1678
vn 0.9500 -0.1668 0.2639
vn 0.6314 0.3975 0.6659
vn 0.5020 0.4725 0.7244
vn 0.7572 0.1068 0.6445
vn 0.5522 0.5536 0.6234
vn -0.1383 0.8027 0.5801
vn 0.0614 0.8454 0.5306
vn 0.4051 0.4049 0.8197
vn 0.7391 0.6371 0.2185
vn 0.9240 -0.1255 0.3611
vn 0.5427 0.4231 0.7256
vn -0.1184 0.6815 0.7222
vn 0.0871 0.8560 0.5096
vn 0.0758 0.8953 0.4390
vn 0.0336 0.9837 0.1766
vn -0.3736 0.9055 0.2014
vn -0.1339 0.6814 0.7195
vn -0.3825 0.9079 0.1713
vn 0.9529 0.2918 -0.0828
vn 0.9529 0.2918 -0.0823
vn 0.9518 0.2908 -0.0978
vn 0.4877 0.8279 -0.2769
vn 0.9673 -0.0436 -0.2500
vn 0.8777 -0.1851 -0.4421
vn 0.9730 0.0498 -0.2255
vn 0.7642 -0.6150 -0.1942
vn 0.8351 -0.5350 -0.1281
vn 0.7452 -0.6330 -0.2097
vn 0.9813 -0.1879 -0.0408
vn 0.9444 -0.2117 -0.2515
vn 0.9163 -0.2619 -0.3031
vn 0.8693 -0.3275 -0.3703
vn 0.8864 -0.4088 -0.2171
vn 0.6852 0.1087 0.7202
vn 0.5566 0.0162 0.8306
vn 0.5335 0.2056 0.8204
vn 0.8618 -0.4712 -0.1877
vn 0.8522 -0.4640 0.2419
vn 0.7322 -0.2456 0.6353
vn -0.2406 0.9702 0.0276
vn -0.2729 0.9620 0.0041
vn -0.2924 0.9562 -0.0103
vn 0.5422 0.6912 -0.4777
vn 0.6832 0.5280 -0.5044
vn 0.7738 0.3775 -0.5086
vn 0.0772 0.3819 -0.9210
vn 0.3438 0.2772 -0.8972
vn -0.1046 0.4345 -0.8946
vn 0.3286 0.8744 -0.3570
vn 0.7202 0.6275 -0.2959
vn 0.4123 0.7249 -0.5518
vn 0.5421 0.7258 -0.4235
vn 0.1254 0.6551 -0.7451
vn 0.2548 0.9149 -0.3130
vn -0.5981 0.7762 0.1995
vn -0.0181 0.9998 -0.0060
vn 0.6894 0.0259 0.7239
vn 0.6912 0.0281 0.7221
vn 0.6930 0.0304 0.7203
vn 0.8496 -0.5025 0.1602
vn 0.8112 -0.5648 0.1517
vn 0.8882 -0.4273 0.1689
vn -0.2877 0.4760 -0.8310
vn -0.3268 0.4565 -0.8275
vn -0.2541 0.4919 -0.8327
vn -0.2404 0.7955 0.5562
vn -0.3197 0.7955 0.5148
vn -0.1481 0.7878 0.5978
vn 0.2452 -0.3157 0.9166
vn 0.3753 -0.4879 0.7881
vn 0.2246 -0.2885 0.9308
vn 0.3662 -0.7131 0.5978
vn 0.3738 -0.6530 0.6587
vn 0.3751 -0.6379 0.6726
vn -0.2690 0.4463 -0.8535
vn -0.2400 0.4279 -0.8714
vn -0.2107 0.4089 -0.8879
vn 0.0421 0.3390 0.9398
vn -0.2199 0.6889 0.6907
vn 0.0651 0.3035 0.9506
vn 0.4304 0.7993 0.4193
vn 0.3676 0.8368 0.4058
vn 0.4344 0.7968 0.4201
vn 0.4361 0.7836 0.4425
vn 0.6106 -0.7896 0.0599
vn 0.7361 -0.6379 0.2262
vn 0.5902 -0.8064 0.0367
vn -0.8890 -0.0403 -0.4562
vn -0.8926 -0.0290 -0.4500
vn -0.8930 -0.0275 -0.4492
vn -0.8041 -0.2563 -0.5364
vn 0.5239 0.7308 0.4375
vn 0.3341 0.8568 0.3928
vn 0.5348 0.7217 0.4395
vn 0.3541 0.5803 0.7334
vn -0.2944 0.7439 0.5999
vn -0.3571 0.7410 0.5686
vn 0.7692 -0.4654 -0.4379
vn 0.8463 -0.4234 -0.3232
vn 0.7600 -0.4693 -0.4496
vn 0.6792 -0.5619 -0.4721
vn -0.7487 -0.3544 -0.5602
vn -0.8122 -0.2781 -0.5128
vn -0.7386 -0.3654 -0.5666
vn -0.4547 0.7201 0.5241
vn -0.7583 0.5910 0.2750
vn -0.7657 0.5854 0.2665
vn 0.3328 0.6044 0.7238
vn -0.0267 0.8664 0.4986
vn 0.0842 0.9767 0.1974
vn -0.2097 0.4343 0.8760
vn 0.1523 -0.1008 0.9832
vn 0.3023 -0.0848 0.9494
vn 0.1221 -0.1037 0.9871
vn 0.7076 -0.4426 -0.5508
vn 0.7107 -0.4431 -0.5464
vn 0.7112 -0.4432 -0.5457
vn -0.3274 0.2335 -0.9156
vn -0.3393 0.2455 -0.9081
vn -0.3255 0.2316 -0.9167
vn -0.7448 0.1621 0.6473
vn -0.7985 0.5057 -0.3265
vn -0.8242 0.5520 -0.1263
vn 0.1196 0.1327 0.9839
vn 0.1210 0.1344 0.9835
vn 0.1159 0.1281 0.9850
vn 0.7078 -0.0275 -0.7058
vn 0.7364 -0.0223 -0.6762
vn 0.7385 -0.0219 -0.6739
vn 0.7062 -0.0269 -0.7075
vn -0.5165 0.0029 -0.8563
vn -0.5388 -0.0031 -0.8424
vn -0.5061 -0.0031 -0.8624
vn -0.5827 0.0157 -0.8126
vn -0.5876 0.0167 -0.8089
vn -0.8977 0.2359 0.3720
vn -0.8522 0.0831 0.5166
vn -0.8095 0.0687 0.5831
vn -0.0084 -0.9894 0.1452
vn 0.0217 -0.9900 0.1395
vn 0.0301 -0.9900 0.1379
vn 0.8669 -0.3582 0.3468
vn 0.8929 -0.2993 0.3365
vn 0.8960 -0.2914 0.3350
vn 0.1513 0.9883 -0.0207
vn 0.1884 0.9819 -0.0164
vn 0.1473 0.9889 -0.0212
vn -0.7211 0.6667 -0.1884
vn -0.6600 0.7216 -0.2090
vn -0.7342 0.6537 -0.1836
vn 0.5632 -0.5388 0.6265
vn 0.5491 -0.5380 0.6395
vn 0.5426 -0.5376 0.6454
vn 0.9043 -0.2429 0.3510
vn 0.8891 -0.2717 0.3683
vn 0.9064 -0.2387 0.3485
vn -0.4786 0.6245 -0.6172
vn -0.4542 0.6299 -0.6300
vn -0.4828 0.6236 -0.6149
vn -0.7777 0.4379 -0.4510
vn -0.7953 0.4314 -0.4260
vn -0.7698 0.4406 -0.4618
vn 0.2500 0.8985 0.3609
vn 0.2608 0.8969 0.3571
vn 0.2653 0.8962 0.3556
vn 0.7844 0.6195 0.0319
vn 0.7830 0.6214 0.0277
vn 0.7845 0.6192 0.0324
vn -0.7907 -0.3747 -0.4842
vn -0.7929 -0.3760 -0.4795
vn -0.7900 -0.3743 -0.4856
vn 0.6284 0.1740 0.7582
vn 0.6212 0.1691 0.7652
vn 0.6202 0.1684 0.7662
vn 0.7723 0.4092 0.4859
vn 0.7721 0.4088 0.4866
vn -0.3946 0.6709 0.6278
vn -0.3911 0.6738 0.6269
vn -0.2815 0.7540 0.5935
vn -0.6139 0.6968 0.3709
vn -0.6053 0.7120 0.3559
vn -0.6044 0.7136 0.3543
vn -0.6209 0.6736 0.4009
vn -0.6259 0.6580 0.4187
vn -0.6262 0.6570 0.4198
vn -0.5857 0.2317 0.7767
vn -0.6095 0.2926 0.7368
vn -0.5841 0.2279 0.7791
vn 0.6558 -0.5603 -0.5059
vn 0.6505 -0.5746 -0.4967
vn 0.6577 -0.5552 -0.5092
vn 0.2385 0.0563 0.9695
vn 0.2563 0.0534 0.9651
vn 0.2615 0.0526 0.9638
vn 0.1680 0.0401 0.9850
vn 0.1976 0.0486 0.9791
vn 0.1655 0.0394 0.9854
vn 0.6913 -0.6186 0.3734
vn 0.3282 -0.7295 0.6001
vn 0.7490 -0.5812 0.3181
vn 0.8862 0.0482 -0.4609
vn 0.8948 0.0260 -0.4458
vn 0.8855 0.0498 -0.4619
vn -0.1112 0.7270 -0.6776
vn -0.0995 0.7260 -0.6804
vn -0.0981 0.7259 -0.6808
vn -0.7682 0.6395 0.0301
vn -0.8565 0.0581 0.5129
vn -0.8271 -0.0338 0.5610
vn -0.7829 0.0932 0.6151
vn -0.7886 0.0989 0.6070
vn -0.7929 0.1032 0.6006
vn -0.7604 0.0659 0.6461
vn -0.7966 0.0743 0.5999
vn -0.7996 0.0750 0.5959
vn -0.4654 -0.0097 -0.8850
vn -0.4623 0.0027 -0.8867
vn -0.4619 0.0043 -0.8869
vn -0.4230 -0.8849 0.1950
vn -0.4277 -0.8844 0.1869
vn -0.4280 -0.8844 0.1863
vn 0.4240 0.0344 0.9050
vn 0.4230 0.0303 0.9056
vn 0.4242 0.0349 0.9049
vn 0.3570 0.9221 -0.1489
vn 0.3662 0.9210 -0.1330
vn 0.3564 0.9222 -0.1500
vn -0.6826 0.0363 0.7299
vn -0.3143 0.3177 0.8946
vn -0.6895 0.0650 0.7214
vn -0.7487 0.2734 0.6039
vn -0.8245 0.2496 0.5078
vn -0.7637 0.2696 0.5865
vn -0.9054 -0.4237 -0.0260
vn -0.8240 0.2581 0.5044
vn -0.7645 0.4329 0.4776
vn -0.9277 0.3103 0.2077
vn -0.8364 -0.2207 0.5018
vn -0.8307 -0.2359 0.5042
vn -0.8431 -0.2014 0.4986
vn -0.8555 0.0788 0.5118
vn -0.7345 0.1080 0.6699
vn -0.8735 0.3052 0.3793
vn -0.8652 0.3117 0.3928
vn -0.8558 0.3187 0.4075
vn -0.7389 0.6733 0.0262
vn -0.1299 0.6380 0.7590
vn -0.2669 0.5738 0.7743
vn -0.0832 0.6562 0.7500
vn -0.3770 0.7291 0.5712
vn -0.1664 0.8017 0.5741
vn -0.4031 0.7169 0.5688
vn -0.7037 0.3101 0.6392
vn -0.8355 0.4299 0.3423
vn -0.7139 0.6998 0.0270
vn -0.6017 0.6614 0.4479
vn -0.9281 0.3152 0.1980
vn -0.6481 0.6526 0.3926
vn -0.0526 0.7645 0.6425
vn -0.0442 0.7689 0.6379
vn -0.1225 0.7244 0.6784
vn 0.0217 -0.2847 0.9584
vn -0.3979 -0.5048 0.7661
vn -0.3601 -0.5885 0.7238
vn -0.3411 -0.4994 0.7964
vn -0.9436 -0.2841 0.1701
vn -0.8226 -0.5408 0.1760
vn -0.9563 -0.2394 0.1678
vn -0.9500 -0.1666 0.2639
vn -0.6314 0.3975 0.6659
vn -0.5020 0.4725 0.7244
vn -0.7572 0.1067 0.6444
vn -0.5522 0.5537 0.6233
vn 0.1523 0.8033 0.5758
vn -0.0664 0.8440 0.5322
vn -0.4050 0.4049 0.8198
vn -0.7391 0.6371 0.2185
vn -0.9240 -0.1255 0.3611
vn -0.5427 0.4231 0.7256
vn 0.1304 0.6815 0.7201
vn -0.0336 0.9837 0.1766
vn 0.0099 0.4975 0.8674
vn -0.9529 0.2918 -0.0828
vn -0.9529 0.2918 -0.0823
vn -0.9541 0.2931 -0.0616
vn -0.4877 0.8279 -0.2769
vn -0.9673 -0.0436 -0.2500
vn -0.8777 -0.1851 -0.4420
vn -0.9730 0.0498 -0.2255
vn -0.8351 -0.5350 -0.1281
vn -0.7642 -0.6150 -0.1942
vn -0.7452 -0.6330 -0.2097
vn -0.9813 -0.1879 -0.0408
vn -0.9163 -0.2619 -0.3031
vn -0.9444 -0.2117 -0.2515
vn -0.8693 -0.3275 -0.3703
vn -0.8864 -0.4088 -0.2171
vn -0.6852 0.1087 0.7202
vn -0.5566 0.0162 0.8306
vn -0.5335 0.2056 0.8204
vn -0.8618 -0.4712 -0.1877
vn -0.8522 -0.4640 0.2419
vn -0.7322 -0.2456 0.6352
vn 0.2659 0.9631 0.0415
vn 0.2820 0.9589 0.0318
vn 0.2586 0.9649 0.0460
vn -0.6838 0.5271 -0.5046
vn -0.5426 0.6908 -0.4779
vn -0.7745 0.3761 -0.5086
vn -0.2953 0.2753 -0.9149
vn -0.1012 0.3658 -0.9252
vn 0.0833 0.4348 -0.8967
vn -0.2665 0.8944 -0.3592
vn -0.7202 0.6274 -0.2960
vn -0.4123 0.7249 -0.5518
vn -0.5421 0.7258 -0.4235
vn -0.7274 0.6671 -0.1608
vn -0.2548 0.9149 -0.3130
vn 0.5981 0.7762 0.1994
vn 0.0180 0.9998 -0.0060
vn -0.6912 0.0281 0.7221
vn -0.6894 0.0259 0.7239
vn -0.6930 0.0304 0.7203
vn -0.8496 -0.5025 0.1602
vn -0.8112 -0.5648 0.1517
vn -0.7657 -0.6274 0.1418
vn 0.2877 0.4760 -0.8310
vn 0.3268 0.4565 -0.8275
vn 0.3451 0.4469 -0.8253
vn 0.3197 0.7955 0.5148
vn 0.2404 0.7955 0.5562
vn 0.1481 0.7878 0.5978
vn -0.3753 -0.4879 0.7881
vn -0.2451 -0.3156 0.9167
vn -0.2245 -0.2883 0.9308
vn -0.3662 -0.7131 0.5978
vn -0.3737 -0.6530 0.6587
vn -0.3639 -0.7276 0.5816
vn 0.2690 0.4463 -0.8535
vn 0.2400 0.4278 -0.8714
vn 0.2882 0.4583 -0.8408
vn 0.2199 0.6889 0.6907
vn -0.0422 0.3390 0.9398
vn -0.0651 0.3035 0.9506
vn -0.4091 0.7563 0.5105
vn -0.4053 0.7959 0.4498
vn -0.4026 0.8140 0.4188
vn -0.3624 0.8429 0.3977
vn -0.7325 -0.6397 0.2326
vn -0.6067 -0.7924 0.0639
vn -0.5862 -0.8091 0.0404
vn 0.8195 -0.2167 -0.5306
vn 0.8189 -0.2423 -0.5203
vn 0.8173 -0.2735 -0.5071
vn 0.8889 -0.0413 -0.4562
vn -0.5241 0.7309 0.4371
vn -0.3361 0.8560 0.3929
vn -0.3297 0.8593 0.3911
vn -0.3555 0.5801 0.7329
vn 0.2925 0.7443 0.6004
vn -0.4115 0.5489 0.7276
vn -0.7086 -0.5307 -0.4651
vn -0.6960 -0.5443 -0.4682
vn -0.7128 -0.5260 -0.4639
vn -0.8631 -0.3873 -0.3242
vn 0.8120 -0.2781 -0.5131
vn 0.7474 -0.3557 -0.5611
vn 0.7371 -0.3668 -0.5676
vn -0.3242 0.6115 0.7218
vn -0.3306 0.6115 0.7189
vn -0.3730 0.6107 0.6985
vn 0.4567 0.7197 0.5229
vn -0.0842 0.9767 0.1974
vn 0.0267 0.8664 0.4986
vn 0.2097 0.4343 0.8760
vn -0.3431 -0.0857 0.9354
vn -0.3445 -0.0856 0.9349
vn -0.3447 -0.0855 0.9348
vn -0.7758 -0.2625 -0.5739
vn -0.9775 -0.1937 -0.0834
vn -0.7269 -0.2663 -0.6330
vn 0.3977 0.1833 -0.8990
vn 0.3826 0.1726 -0.9076
vn 0.3802 0.1710 -0.9089
vn 0.7047 0.1285 0.6978
vn 0.8749 0.3118 0.3706
vn 0.6681 0.0985 0.7375
vn -0.1166 0.1251 0.9853
vn -0.1177 0.1265 0.9850
vn -0.1226 0.1327 0.9835
vn -0.7373 -0.0235 -0.6751
vn -0.7187 -0.0270 -0.6948
vn -0.7388 -0.0232 -0.6735
vn 0.4973 -0.0056 -0.8676
vn 0.5820 0.0157 -0.8130
vn 0.5876 0.0168 -0.8090
vn 0.5103 0.0011 -0.8600
vn 0.5284 -0.0050 -0.8490
vn 0.5124 -0.0028 -0.8587
vn 0.8989 0.3308 0.2873
vn 0.0084 -0.9894 0.1452
vn -0.0217 -0.9900 0.1395
vn 0.0145 -0.9891 0.1463
vn -0.8669 -0.3582 0.3468
vn -0.8929 -0.2993 0.3365
vn -0.8642 -0.3637 0.3477
vn -0.1884 0.9819 -0.0164
vn -0.1513 0.9883 -0.0207
vn -0.1473 0.9889 -0.0212
vn 0.6600 0.7216 -0.2090
vn 0.7211 0.6667 -0.1884
vn 0.7342 0.6537 -0.1836
vn -0.5632 -0.5388 0.6265
vn -0.5491 -0.5380 0.6395
vn -0.5675 -0.5390 0.6225
vn -0.8891 -0.2717 0.3683
vn -0.9043 -0.2429 0.3510
vn -0.9064 -0.2387 0.3485
vn 0.4542 0.6299 -0.6300
vn 0.4786 0.6245 -0.6172
vn 0.4828 0.6235 -0.6149
vn 0.7953 0.4314 -0.4260
vn 0.7777 0.4379 -0.4510
vn 0.7698 0.4406 -0.4618
vn -0.2485 0.8989 0.3608
vn -0.2598 0.8973 0.3569
vn -0.2023 0.9042 0.3762
vn -0.7784 0.6263 0.0426
vn -0.7773 0.6279 0.0390
vn -0.7772 0.6281 0.0386
vn 0.7809 -0.3679 -0.5048
vn 0.7882 -0.3724 -0.4901
vn 0.7904 -0.3737 -0.4854
vn -0.6246 0.1704 0.7621
vn -0.6208 0.1678 0.7658
vn -0.6250 0.1707 0.7618
vn -0.4704 0.0016 0.8825
vn -0.7707 0.4051 0.4918
vn -0.4687 -0.0001 0.8833
vn 0.3975 0.6707 0.6262
vn 0.3943 0.6734 0.6254
vn 0.4432 0.6309 0.6368
vn 0.6369 0.6960 0.3317
vn 0.6256 0.7158 0.3101
vn 0.6374 0.6949 0.3328
vn 0.6473 0.6604 0.3805
vn 0.6521 0.6439 0.4003
vn 0.6472 0.6609 0.3800
vn 0.6170 0.2695 0.7394
vn 0.5924 0.2161 0.7761
vn 0.5907 0.2126 0.7784
vn -0.6753 -0.5581 -0.4822
vn -0.6787 -0.5476 -0.4894
vn -0.6798 -0.5440 -0.4918
vn -0.1435 0.0448 0.9886
vn -0.1662 0.0513 0.9848
vn -0.1693 0.0522 0.9842
vn -0.2510 0.0544 0.9665
vn -0.2150 0.0601 0.9748
vn -0.2615 0.0526 0.9638
vn -0.7370 -0.6535 0.1728
vn -0.7518 -0.6393 0.1614
vn -0.7529 -0.6382 0.1605
vn -0.7731 -0.6177 0.1442
vn -0.9735 0.0433 -0.2245
vn -0.9661 0.0851 -0.2437
vn 0.0567 0.8774 -0.4764
vn 0.0756 0.8774 -0.4738
vn 0.0559 0.8774 -0.4765
vn 0.9413 0.3067 0.1412
vn 0.9561 -0.0333 0.2912
vn 0.9362 0.3259 0.1315
vn 0.7758 0.0962 0.6236
vn 0.7807 0.1011 0.6166
vn 0.7717 0.0923 0.6292
vn 0.7596 0.0664 0.6470
vn 0.7918 0.0738 0.6063
vn 0.7571 0.0658 0.6500
vn 0.5617 -0.0007 -0.8273
vn 0.5584 0.0122 -0.8295
vn 0.5620 -0.0018 -0.8271
vn 0.4611 -0.8588 0.2234
vn 0.4612 -0.8587 0.2232
vn -0.5112 0.0202 0.8592
vn -0.5127 0.0261 0.8582
vn -0.5129 0.0270 0.8580
vn -0.3921 0.9052 -0.1639
vn -0.3852 0.9064 -0.1732
vn -0.3846 0.9065 -0.1741
vn -0.1234 0.6616 0.7396
vn 0.4181 0.8926 0.1685
vn -0.7573 -0.6204 0.2041
vn 0.8339 0.0748 0.5469
vn 0.8098 0.0838 0.5807
vn 0.8050 0.0856 0.5871
vn 0.0769 -0.9970 -0.0006
vn -0.1526 -0.9824 0.1074
vn -0.1600 -0.9819 0.1012
vn 0.3347 -0.9417 -0.0360
vn 0.0787 -0.9966 0.0224
vn 0.5685 0.2485 -0.7843
vn 0.4132 0.2092 -0.8863
vn 0.5723 0.2479 -0.7817
vn 0.5079 -0.7689 -0.3884
vn 0.9304 -0.3582 0.0781
vn -0.6404 -0.4332 -0.6342
vn 0.3124 0.3293 0.8911
vn -0.4558 0.6217 0.6369
vn -0.4569 0.6217 0.6362
vn -0.6440 0.7455 -0.1717
vn 0.2763 0.9220 0.2714
vn -0.6846 0.6848 -0.2497
vn -0.4819 0.7390 0.4708
vn 0.2602 -0.6814 0.6841
vn -0.0466 -0.8267 0.5607
vn 0.2553 -0.6843 0.6830
vn -0.1214 0.7639 -0.6338
vn -0.3773 0.5909 -0.7131
vn -0.3787 0.5897 -0.7133
vn 0.0096 -0.7115 -0.7026
vn -0.1389 -0.9589 -0.2475
vn -0.1354 -0.9624 -0.2356
vn -0.6184 -0.7465 -0.2458
vn -0.6240 -0.7420 -0.2451
vn -0.3914 -0.9123 -0.1203
vn -0.3934 -0.9119 -0.1167
vn -0.2484 -0.9289 0.2747
vn -0.4313 -0.8929 -0.1292
vn -0.2617 -0.9238 0.2795
vn -0.1234 -0.5001 -0.8572
vn 0.8118 -0.5591 -0.1682
vn 0.8207 -0.5496 -0.1563
vn 0.6130 -0.4160 -0.6717
vn 0.6087 -0.4164 -0.6753
vn 0.4272 0.6923 0.5816
vn 0.3268 0.5942 0.7349
vn 0.4247 0.6935 0.5819
vn -0.0344 0.9223 0.3848
vn 0.3354 0.6034 0.7234
vn -0.0018 0.9936 -0.1130
vn -0.0286 0.9294 0.3679
vn 0.8387 -0.5148 -0.1776
vn 0.8550 0.4811 -0.1937
vn 0.8168 -0.5508 -0.1714
vn -0.6607 0.1448 0.7365
vn 0.6028 0.5765 -0.5516
vn -0.7280 -0.0161 0.6854
vn 0.5145 -0.1993 0.8340
vn 0.2638 -0.4672 0.8439
vn 0.2565 -0.4739 0.8424
vn -0.0001 -0.9882 0.1532
vn -0.0000 -0.9880 0.1547
vn 0.4072 0.6262 -0.6649
vn 0.5028 0.4470 -0.7399
vn 0.0313 0.1989 -0.9795
vn -0.3660 -0.0122 -0.9305
vn -0.4628 0.8597 -0.2163
vn 0.2315 -0.7158 -0.6588
vn 0.4300 -0.5229 -0.7360
vn 0.4342 -0.5180 -0.7370
vn -0.7927 0.5845 0.1735
vn -0.9513 0.2361 0.1983
vn -0.7686 0.6162 0.1721
vn 0.8894 -0.3847 -0.2470
vn 0.2313 -0.7606 0.6066
vn 0.8825 -0.4247 -0.2020
vn -0.8021 -0.5733 0.1671
vn -0.8288 -0.5300 0.1791
vn 0.6972 -0.5970 0.3968
vn -0.0952 -0.9849 -0.1443
vn -0.1062 -0.9942 -0.0167
vn -0.3733 -0.9276 0.0139
vn -0.0267 -0.9994 -0.0216
vn -0.3713 -0.9285 0.0109
vn -0.4093 0.2122 -0.8874
vn -0.5802 0.2473 -0.7761
vn -0.4088 0.2104 -0.8880
vn -0.5752 -0.7000 -0.4231
vn 0.2645 -0.6640 -0.6994
vn -0.5747 -0.7003 -0.4235
vn 0.4408 0.6252 0.6441
vn 0.8923 0.3782 -0.2465
vn -0.2849 0.3418 0.8956
vn 0.3869 0.9095 0.1520
vn -0.0354 0.9978 0.0559
vn -0.0453 0.9969 0.0643
vn -0.2543 -0.6808 0.6869
vn 0.0411 -0.8285 0.5585
vn 0.0424 -0.8289 0.5578
vn 0.4820 0.7390 0.4708
vn 0.3916 0.9069 0.1555
vn 0.1161 0.7630 -0.6359
vn 0.3820 0.5914 -0.7102
vn 0.1202 0.7612 -0.6373
vn 0.1400 -0.9620 -0.2346
vn 0.0042 -0.7018 -0.7123
vn 0.5200 -0.8099 -0.2712
vn 0.1351 -0.9645 -0.2267
vn 0.6279 -0.7765 -0.0522
vn 0.5221 -0.8086 -0.2713
vn 0.3987 -0.8999 -0.1767
vn 0.2815 -0.9133 0.2945
vn 0.4072 -0.9009 -0.1502
vn -0.0914 -0.6389 -0.7639
vn -0.7470 -0.5886 -0.3090
vn -0.1050 -0.6474 -0.7549
vn -0.6167 -0.4115 -0.6711
vn -0.7514 -0.5824 -0.3101
vn -0.4245 0.6951 0.5802
vn -0.3353 0.5953 0.7302
vn -0.3338 0.6106 0.7181
vn 0.0441 0.9221 0.3843
vn 0.0250 0.9262 0.3761
vn 0.0093 0.9938 -0.1110
vn 0.0158 0.9931 -0.1165
vn -0.8381 -0.5133 -0.1846
vn -0.8505 0.4923 -0.1850
vn -0.8219 0.5415 -0.1768
vn -0.2460 -0.5025 0.8288
vn 0.2104 -0.1177 0.9705
vn 0.3639 -0.2177 0.9056
vn -0.6247 0.7484 -0.2230
vn -0.7192 0.0745 -0.6908
vn 0.2438 -0.9222 0.3003
vn -0.4449 0.8709 -0.2086
vn -0.4619 0.5505 0.6954
vn -0.4384 0.8988 0.0037
vn 0.4533 -0.5531 -0.6990
vn 0.3420 -0.2042 -0.9173
vn 0.3420 -0.2042 -0.9172
vn 0.3368 -0.1907 -0.9221
vn 0.1104 0.2996 -0.9477
vn -0.2197 -0.7223 -0.6557
vn -0.4565 -0.4946 -0.7396
vn -0.2168 -0.7246 -0.6542
vn -0.8962 -0.3841 -0.2219
vn -0.2334 -0.7732 0.5896
vn -0.2592 -0.7755 0.5757
vn 0.7915 0.5892 0.1622
vn 0.9506 0.2352 0.2026
vn 0.9511 0.2331 0.2027
vn 0.7703 -0.6105 0.1839
vn 0.7731 0.6136 0.1608
vn -0.4637 -0.1894 0.8655
vn 0.1406 -0.9464 0.2908
vn -0.0891 -0.9953 -0.0388
vn -0.4725 0.0452 0.8801
vn 0.1478 -0.9771 0.1534
vn 0.9132 0.3088 0.2661
vn -0.0741 -0.9804 -0.1826
vn 0.6962 -0.6364 0.3323
vn 0.0000 0.0000 1.0000
vn 0.6398 0.3127 0.7021
vn -0.8426 0.1989 -0.5005
vn -0.8554 -0.3192 -0.4080
vn -0.0735 -0.6574 -0.7499
vn -0.3840 -0.7252 -0.5715
vn -0.1114 -0.7312 -0.6730
vn -0.9554 0.2437 -0.1667
vn -0.1289 -0.6563 -0.7434
vn 0.0082 -0.4963 -0.8681
vn -0.9536 -0.2937 0.0666
vn -0.7473 0.6312 0.2076
vn 0.2307 -0.9722 -0.0395
vn -0.7283 -0.6663 0.1599
vn -0.6797 0.1922 -0.7079
vn -0.7559 0.6298 -0.1788
vn 0.3453 -0.4562 0.8202
vn 0.1266 -0.7753 -0.6188
vn -0.2244 0.2910 -0.9300
vn -0.3600 0.6764 -0.6425
vn 0.2968 -0.4594 0.8372
vn -0.1154 -0.2186 -0.9690
vn -0.3797 -0.8324 -0.4037
vn -0.5904 0.8062 -0.0390
vn 0.8854 0.0399 0.4632
vn -0.4101 -0.8097 -0.4197
vn -0.3708 -0.5680 -0.7347
vn -0.7362 0.4851 0.4719
vn 0.7472 0.3557 0.5613
vn 0.4504 -0.7264 -0.5191
vn 0.2587 -0.2845 -0.9231
vn -0.1022 0.0912 -0.9906
vn -0.7214 0.4480 0.5282
vn 0.3357 -0.2492 0.9084
vn 0.6351 -0.0984 -0.7662
vn -0.0988 -0.0541 -0.9936
vn -0.6396 0.0422 0.7675
vn 0.5634 -0.0022 0.8262
vn 0.4561 0.0183 0.8898
vn 0.7261 -0.6438 0.2416
vn -0.0469 0.9838 -0.1733
vn -0.8631 0.3721 -0.3416
vn -0.1494 -0.9884 0.0264
vn 0.6721 -0.7151 0.1923
vn -0.6104 0.5148 -0.6020
vn -0.8085 0.3832 -0.4467
vn 0.5245 -0.5918 0.6121
vn 0.7527 -0.4516 0.4790
vn -0.4599 -0.7902 -0.4049
vn -0.8033 -0.5606 -0.2013
vn 0.7860 0.3727 0.4932
vn -0.6799 -0.2456 -0.6909
vn -0.7588 -0.3793 -0.5295
vn 0.7532 -0.5063 -0.4200
vn 0.6441 -0.5195 -0.5615
vn 0.6263 -0.6473 -0.4345
vn 0.6452 -0.6189 -0.4479
vn -0.6377 0.5681 0.5202
vn -0.0434 -0.0625 -0.9971
vn -0.0029 -0.0666 -0.9978
vn -0.7938 0.5504 -0.2587
vn -0.8904 -0.0204 0.4547
vn 0.0754 -0.7205 0.6893
vn 0.7386 -0.6705 0.0697
vn 0.7359 -0.0459 -0.6755
vn 0.5859 -0.0726 -0.8071
vn 0.4542 -0.0000 0.8909
vn 0.4452 0.8811 -0.1597
vn -0.4331 -0.0412 -0.9004
vn -0.3720 -0.9225 0.1031
vn 0.8418 0.2012 -0.5009
vn 0.8554 -0.3192 -0.4080
vn 0.0795 -0.6564 -0.7502
vn 0.4073 -0.7155 -0.5676
vn 0.1142 -0.7316 -0.6720
vn 0.9554 0.2438 -0.1667
vn 0.9513 -0.2920 0.0987
vn 0.7441 0.6340 0.2107
vn -0.2951 -0.9550 -0.0296
vn 0.1179 -0.6518 0.7492
vn 0.6797 0.1922 -0.7079
vn 0.8816 0.4228 -0.2098
vn -0.2598 -0.4963 0.8284
vn -0.1266 -0.7753 -0.6188
vn 0.2245 0.2911 -0.9300
vn 0.3632 0.6238 -0.6921
vn -0.2351 -0.4168 0.8780
vn 0.1154 -0.2186 -0.9690
vn 0.3538 -0.4819 -0.8016
vn 0.5862 0.8090 -0.0426
vn -0.8172 0.2434 0.5224
vn 0.5629 -0.6900 -0.4550
vn -0.4992 -0.7126 -0.4930
vn 0.7007 0.5233 0.4849
vn -0.7490 0.3540 0.5601
vn 0.6317 -0.5178 -0.5770
vn -0.2587 -0.2845 -0.9231
vn 0.3179 0.0801 -0.9447
vn 0.9796 0.1773 -0.0943
vn -0.4036 -0.1846 0.8961
vn -0.8968 -0.3401 -0.2830
vn 0.1195 -0.0843 -0.9893
vn 0.6392 0.0404 0.7679
vn -0.4560 0.0183 0.8898
vn 0.0855 0.9823 -0.1664
vn 0.8872 0.3189 -0.3334
vn 0.1494 -0.9884 0.0264
vn -0.6721 -0.7151 0.1923
vn 0.6192 0.5145 -0.5931
vn 0.8085 0.3832 -0.4467
vn -0.5245 -0.5918 0.6121
vn -0.7527 -0.4516 0.4790
vn 0.4452 -0.7955 -0.4111
vn 0.7957 -0.5685 -0.2087
vn -0.7857 0.3732 0.4934
vn 0.6926 -0.2562 -0.6743
vn 0.7510 -0.3638 -0.5510
vn -0.6075 -0.6706 -0.4258
vn -0.6764 -0.4767 -0.5614
vn -0.6474 -0.6512 -0.3961
vn -0.6714 -0.5725 -0.4706
vn 0.6645 0.5557 0.4996
vn 0.0819 -0.0737 -0.9939
vn 0.0433 -0.0626 -0.9971
vn 0.8147 0.5718 -0.0964
vn 0.9728 -0.0400 0.2282
vn -0.0701 -0.8815 0.4670
vn -0.9574 0.0418 -0.2856
vn -0.7650 -0.0497 -0.6421
vn -0.7062 -0.0881 -0.7025
vn -0.5557 0.0131 0.8313
vn -0.4824 0.8535 -0.1971
vn 0.5230 -0.0336 -0.8516
vn 0.3998 -0.9069 0.1330
vn -0.7349 -0.0790 -0.6735
vn 0.7249 -0.0231 0.6885
vn 0.8279 -0.2444 0.5048
vn 0.8826 0.2977 0.3638
vn 0.2926 0.5550 0.7787
vn 0.1317 0.8093 0.5724
vn -0.0105 0.7956 0.6058
vn 0.7848 -0.5944 0.1753
vn 0.1234 0.6616 0.7396
vn -0.0096 0.4985 0.8668
vn 0.9541 0.2931 -0.0616
vn 0.8524 -0.5113 -0.1094
vn 0.9630 -0.1705 -0.2089
vn -0.2250 0.9736 0.0388
vn 0.3761 0.8215 -0.4287
vn 0.4565 0.2216 -0.8617
vn 0.7274 0.6671 -0.1608
vn 0.6880 0.0241 0.7253
vn 0.7657 -0.6274 0.1418
vn -0.3451 0.4469 -0.8253
vn -0.3809 0.7909 0.4789
vn 0.3878 -0.5046 0.7714
vn 0.3639 -0.7276 0.5816
vn -0.2882 0.4583 -0.8408
vn -0.2325 0.7028 0.6723
vn 0.3637 0.8389 0.4049
vn 0.7475 -0.6176 0.2446
vn -0.8887 -0.0411 -0.4566
vn 0.3277 0.8601 0.3910
vn 0.4096 0.5494 0.7282
vn 0.8559 -0.4166 -0.3063
vn -0.8165 -0.2723 -0.5091
vn -0.4543 0.7202 0.5243
vn 0.2989 0.7429 -0.5990
vn 0.3532 -0.0787 0.9323
vn 0.7071 -0.4426 -0.5515
vn -0.3410 0.2473 -0.9069
vn -0.6686 0.0993 0.7370
vn 0.1266 0.1415 0.9818
vn 0.7068 -0.0277 -0.7068
vn -0.5171 -0.0002 -0.8559
vn -0.0145 -0.9891 0.1463
vn 0.8642 -0.3637 0.3477
vn 0.1911 0.9814 -0.0160
vn -0.6495 0.7301 -0.2122
vn 0.5675 -0.5390 0.6225
vn 0.8878 -0.2741 0.3697
vn -0.4515 0.6305 -0.6314
vn -0.7998 0.4296 -0.4193
vn 0.2055 0.9036 0.3758
vn 0.7829 0.6215 0.0275
vn -0.7933 -0.3763 -0.4786
vn 0.6290 0.1745 0.7576
vn -0.4402 0.6313 0.6385
vn -0.6144 0.6959 0.3718
vn -0.6207 0.6741 0.4004
vn -0.6102 0.2945 0.7355
vn 0.6495 -0.5772 -0.4950
vn 0.2377 0.0565 0.9697
vn 0.2016 0.0498 0.9782
vn 0.3033 -0.7317 0.6104
vn 0.8951 0.0251 -0.4452
vn -0.1119 0.7270 -0.6774
vn -0.7421 0.6702 -0.0093
vn -0.7783 0.0886 0.6217
vn -0.7576 0.0653 0.6495
vn -0.4657 -0.0106 -0.8849
vn -0.4228 -0.8849 0.1953
vn 0.4229 0.0300 0.9057
vn 0.3665 0.9209 -0.1323
vn -0.7250 -0.0263 0.6883
vn -0.8228 -0.2563 0.5073
vn -0.8826 0.2977 0.3638
vn -0.3112 0.5495 0.7754
vn -0.1348 0.8090 0.5721
vn 0.0108 0.7955 0.6058
vn -0.7848 -0.5944 0.1753
vn -0.9518 0.2908 -0.0978
vn -0.8524 -0.5113 -0.1094
vn -0.9630 -0.1705 -0.2089
vn 0.2907 0.9565 0.0265
vn -0.3761 0.8215 -0.4287
vn -0.4234 0.2043 -0.8826
vn -0.1254 0.6551 -0.7451
vn -0.6880 0.0241 0.7253
vn -0.8882 -0.4273 0.1689
vn 0.2541 0.4919 -0.8327
vn 0.3809 0.7909 0.4789
vn -0.3878 -0.5046 0.7714
vn -0.3751 -0.6379 0.6726
vn 0.2107 0.4088 -0.8880
vn 0.2325 0.7028 0.6723
vn -0.3790 0.3995 0.8347
vn -0.7439 -0.6193 0.2512
vn 0.8195 -0.2037 -0.5356
vn -0.5350 0.7218 0.4391
vn 0.3552 0.7415 0.5692
vn -0.6881 -0.5527 -0.4701
vn 0.8164 -0.2723 -0.5093
vn -0.3136 0.6115 0.7265
vn -0.2989 0.7429 -0.5990
vn -0.3429 -0.0858 0.9354
vn -0.9847 -0.1735 0.0167
vn 0.4000 0.1849 -0.8976
vn 0.8899 0.3395 0.3046
vn -0.1134 0.1211 0.9861
vn -0.7180 -0.0271 -0.6955
vn -0.0301 -0.9900 0.1379
vn -0.8960 -0.2914 0.3350
vn -0.1911 0.9814 -0.0160
vn 0.6495 0.7301 -0.2122
vn -0.5426 -0.5376 0.6454
vn -0.8878 -0.2741 0.3697
vn 0.4515 0.6305 -0.6314
vn 0.7998 0.4296 -0.4193
vn -0.2644 0.8966 0.3553
vn -0.7785 0.6262 0.0429
vn 0.7794 -0.3670 -0.5077
vn -0.6202 0.1674 0.7664
vn -0.7723 0.4087 0.4863
vn 0.2849 0.7538 0.5921
vn 0.6245 0.7178 0.3080
vn 0.6523 0.6428 0.4015
vn 0.6178 0.2712 0.7381
vn -0.6747 -0.5599 -0.4810
vn -0.1416 0.0442 0.9889
vn -0.2134 0.0604 0.9751
vn -0.7364 -0.6540 0.1732
vn -0.7614 -0.6300 0.1528
vn 0.0771 0.8774 -0.4736
vn 0.9493 -0.0724 0.3059
vn 0.7845 0.1049 0.6112
vn 0.7945 0.0744 0.6028
vn 0.5579 0.0141 -0.8298
vn -0.5111 0.0197 0.8593
vn -0.3924 0.9052 -0.1634
vn 0.8366 0.0737 0.5428
vn 0.3359 -0.9413 -0.0342
vn 0.4252 0.2130 -0.8797
vn 0.9144 0.1593 0.3722
vn -0.8915 0.3897 -0.2308
vn 0.1440 0.9751 0.1685
vn -0.0418 -0.8259 0.5623
vn -0.1202 0.7645 -0.6333
vn -0.4362 -0.8894 -0.1369
vn -0.1683 -0.4665 -0.8683
vn -0.0145 0.9922 -0.1240
vn 0.8337 0.5190 -0.1884
vn 0.5126 -0.2020 0.8345
vn -0.4450 0.8827 -0.1507
vn -0.3670 -0.0159 -0.9301
vn 0.2267 -0.7196 -0.6563
vn -0.9505 0.2393 0.1983
vn 0.2740 -0.7670 0.5801
vn -0.0470 -0.9982 -0.0366
vn -0.5805 0.2490 -0.7753
vn -0.8945 -0.4449 -0.0448
vn 0.4376 0.6251 0.6464
vn -0.2551 -0.6803 0.6871
vn 0.3787 0.5938 -0.7099
vn 0.6553 -0.7517 -0.0746
vn -0.6078 -0.4121 -0.6787
vn -0.4256 0.6946 0.5800
vn -0.8096 -0.5594 -0.1781
vn -0.2123 -0.5324 0.8194
vn -0.4590 -0.4915 -0.7401
vn -0.8905 -0.4099 -0.1977
vn 0.8182 -0.5407 0.1956
vn -0.9731 -0.0511 0.2245
vn -0.9444 0.2123 0.2509
vn -0.9159 0.2631 0.3033
vn -0.9631 0.1709 0.2081
vn -0.5455 -0.6900 0.4757
vn -0.6887 -0.5207 0.5047
vn -0.3733 -0.8260 0.4223
vn -0.0803 -0.3781 0.9223
vn -0.3454 -0.2726 0.8980
vn -0.4602 -0.2153 0.8613
vn 0.9731 -0.0511 0.2245
vn 0.9159 0.2631 0.3033
vn 0.9444 0.2123 0.2509
vn 0.9631 0.1709 0.2081
vn 0.6881 -0.5216 0.5045
vn 0.5451 -0.6904 0.4756
vn 0.3733 -0.8260 0.4223
vn 0.2979 -0.2724 0.9149
vn 0.1043 -0.3629 0.9260
vn 0.4267 -0.2008 0.8818
vn -0.8689 0.3284 0.3704
vn -0.7800 -0.3631 0.5096
vn 0.1057 -0.4328 0.8953
vn 0.8689 0.3284 0.3704
vn 0.7794 -0.3645 0.5096
vn -0.0830 -0.4331 0.8975
usemtl lambert3SG
s 1
f 1/1/1 3/2/2 4/3/3
f 6/4/4 2/5/5 5/6/6
f 8/7/7 5/6/6 7/8/8
f 6/4/4 8/7/7 9/9/9
f 7/8/10 10/10/10 8/7/10
f 11/11/11 8/7/11 10/10/11
f 12/12/12 1/1/13 4/3/14
f 12/12/15 14/13/15 13/14/15
f 15/15/16 13/14/16 14/13/16
f 16/16/17 15/15/18 14/13/19
f 18/17/20 11/11/20 10/10/20
f 19/18/21 9/9/22 8/7/23
f 21/19/24 8/7/25 11/11/26
f 12/12/27 22/20/27 14/13/27
f 23/21/28 14/13/28 22/20/28
f 16/22/29 18/17/29 10/10/29
f 16/16/30 14/13/30 23/21/30
f 16/22/31 24/23/31 18/17/31
f 23/24/32 24/23/32 16/22/32
f 25/25/33 11/11/34 18/17/35
f 18/17/36 26/26/36 25/25/36
f 24/23/37 26/26/37 18/17/37
f 24/23/38 27/27/38 26/26/38
f 28/28/39 27/27/39 24/23/39
f 29/29/40 23/21/41 22/20/42
f 28/28/43 24/23/43 23/24/43
f 30/30/44 4/3/44 3/2/44
f 30/30/45 3/2/45 6/4/45
f 9/9/46 30/30/46 6/4/46
f 31/31/47 30/30/47 9/9/47
f 32/32/48 31/31/48 9/9/48
f 20/33/49 32/32/49 9/9/49
f 33/34/50 30/30/50 31/31/50
f 30/30/51 34/35/51 4/3/51
f 35/36/52 34/35/52 30/30/52
f 33/34/53 35/36/53 30/30/53
f 36/37/54 31/31/54 32/32/54
f 33/34/55 36/37/56 37/38/57
f 39/39/58 32/32/59 38/40/60
f 12/12/61 34/35/62 40/41/63
f 41/42/64 40/41/64 34/35/64
f 42/43/65 34/35/65 35/36/65
f 41/42/66 34/35/66 42/43/66
f 44/44/67 29/29/68 22/20/69
f 44/44/70 22/20/70 12/12/70
f 46/45/71 41/42/71 42/43/71
f 46/45/72 40/41/72 41/42/72
f 47/46/73 40/41/73 46/45/73
f 46/45/74 48/47/74 47/46/74
f 49/48/75 46/45/75 42/43/75
f 50/49/76 46/45/76 49/48/76
f 48/47/77 46/45/77 50/49/77
f 52/50/78 38/40/79 51/51/80
f 57/52/81 52/50/81 51/51/81
f 58/53/82 52/50/82 57/52/82
f 59/54/83 58/53/84 42/43/85
f 59/54/86 42/43/86 37/38/86
f 59/54/87 37/38/87 36/37/87
f 59/54/88 36/37/88 39/39/88
f 60/55/89 62/56/90 63/57/91
f 65/58/92 35/36/93 64/59/94
f 66/60/95 42/43/96 65/58/97
f 66/60/98 33/34/99 37/38/100
f 68/61/101 64/59/102 67/62/103
f 70/63/104 64/59/105 69/64/106
f 71/65/107 65/58/108 70/63/109
f 71/65/110 67/62/111 66/60/112
f 72/66/113 69/64/114 68/61/115
f 72/66/116 74/67/116 73/68/116
f 73/68/117 70/63/118 69/64/119
f 77/69/120 70/63/121 76/70/122
f 75/71/123 76/70/123 70/63/123
f 77/69/124 68/61/125 71/65/126
f 79/72/127 74/67/128 78/73/129
f 79/72/130 75/71/131 73/68/132
f 79/72/133 81/74/133 80/75/133
f 80/75/134 76/70/135 75/71/136
f 78/73/137 76/70/138 83/76/139
f 82/77/140 83/76/140 76/70/140
f 84/78/141 86/79/142 87/80/143
f 88/81/144 81/74/145 83/76/146
f 90/82/147 81/74/148 89/83/149
f 90/82/150 82/77/151 80/75/152
f 88/81/153 82/77/154 91/84/155
f 93/85/156 95/86/157 92/87/158
f 96/88/159 87/80/160 90/82/161
f 96/88/162 90/82/162 89/83/162
f 98/89/163 90/82/164 97/90/165
f 87/80/166 97/90/165 90/82/164
f 100/91/167 91/84/168 99/92/169
f 98/89/170 99/92/170 91/84/170
f 102/93/171 33/34/172 101/94/173
f 103/95/174 35/36/175 102/93/176
f 103/95/177 67/62/178 64/59/179
f 104/96/180 33/34/181 67/62/182
f 62/56/183 101/94/184 63/57/185
f 62/56/186 103/95/187 102/93/188
f 61/97/189 104/96/190 103/95/191
f 60/55/192 101/94/193 104/96/194
f 106/98/195 108/99/196 105/100/197
f 107/101/198 76/70/199 74/67/200
f 106/98/201 77/69/202 76/70/203
f 108/99/204 77/69/205 105/100/206
f 107/101/207 72/66/208 108/99/209
f 110/102/210 112/103/211 109/104/212
f 110/102/213 81/74/214 111/105/215
f 109/104/216 83/76/217 110/102/218
f 109/104/219 79/72/220 78/73/221
f 112/103/222 81/74/223 79/72/224
f 113/106/225 84/78/226 96/88/227
f 99/92/228 96/88/229 100/91/230
f 92/87/231 89/83/232 88/81/233
f 95/86/234 96/88/235 89/83/236
f 93/85/237 96/88/238 94/107/239
f 92/87/240 100/91/241 93/85/242
f 115/108/243 117/109/244 114/110/245
f 97/90/246 85/111/247 113/106/248
f 115/108/249 97/90/250 116/112/251
f 114/110/252 98/89/253 115/108/254
f 114/110/255 113/106/256 99/92/257
f 117/109/258 97/90/259 113/106/260
f 118/113/261 120/114/262 121/115/263
f 122/116/264 119/117/265 118/113/261
f 124/118/266 123/119/267 125/120/268
f 125/120/268 122/116/264 126/121/269
f 127/122/270 124/118/270 125/120/270
f 125/120/271 128/123/271 127/122/271
f 120/114/272 130/124/273 121/115/274
f 131/125/275 130/124/275 129/126/275
f 129/126/276 132/127/276 131/125/276
f 132/127/277 134/128/278 131/125/279
f 128/123/280 135/129/280 127/122/280
f 126/121/281 19/18/282 125/120/283
f 125/120/284 21/19/285 128/123/286
f 136/130/287 130/124/287 131/125/287
f 131/125/288 137/131/288 136/130/288
f 135/129/289 134/132/289 127/122/289
f 131/125/290 134/128/290 137/131/290
f 138/133/291 134/132/291 135/129/291
f 138/133/292 137/134/292 134/132/292
f 128/123/293 25/25/294 135/129/295
f 26/26/296 135/129/296 25/25/296
f 26/26/297 138/133/297 135/129/297
f 27/27/298 138/133/298 26/26/298
f 27/27/299 139/135/299 138/133/299
f 137/131/300 140/136/301 136/130/302
f 138/133/303 139/135/303 137/134/303
f 121/115/304 141/137/304 118/113/304
f 118/113/305 141/137/305 122/116/305
f 141/137/306 126/121/306 122/116/306
f 141/137/307 142/138/307 126/121/307
f 142/138/308 32/32/308 126/121/308
f 32/32/309 20/33/309 126/121/309
f 141/137/310 143/139/310 142/138/310
f 144/140/311 141/137/311 121/115/311
f 144/140/312 145/141/312 141/137/312
f 145/141/313 143/139/313 141/137/313
f 142/138/314 146/142/314 32/32/314
f 147/143/315 146/142/315 143/139/315
f 146/142/316 148/144/316 32/32/316
f 130/124/317 144/140/318 121/115/319
f 149/145/320 150/146/320 144/140/320
f 144/140/321 151/147/321 145/141/321
f 144/140/322 150/146/322 151/147/322
f 140/136/323 154/148/324 136/130/325
f 136/130/326 154/148/326 130/124/326
f 150/146/327 155/149/327 151/147/327
f 149/145/328 155/149/328 150/146/328
f 149/145/329 156/150/329 155/149/329
f 157/151/330 155/149/330 156/150/330
f 155/149/331 158/152/331 151/147/331
f 155/149/332 159/153/332 158/152/332
f 155/149/333 157/151/333 159/153/333
f 160/154/334 38/40/335 148/144/336
f 160/154/337 164/155/337 51/51/337
f 160/154/338 165/156/338 164/155/338
f 166/157/339 165/156/340 160/154/341
f 151/147/342 166/157/342 147/143/342
f 147/143/343 166/157/343 146/142/343
f 146/142/344 166/157/344 148/144/344
f 167/158/345 169/159/346 170/160/347
f 171/161/348 145/141/349 151/147/350
f 173/162/351 151/147/352 147/143/353
f 143/139/354 173/162/355 147/143/356
f 172/163/357 176/164/358 174/165/359
f 177/166/360 172/163/361 171/161/362
f 178/167/363 171/161/364 173/162/365
f 174/165/366 178/167/367 173/162/368
f 179/168/369 181/169/370 176/164/371
f 175/170/372 179/168/372 176/164/372
f 177/166/373 179/168/374 175/170/375
f 183/171/376 182/172/377 177/166/378
f 178/167/379 183/171/379 177/166/379
f 183/171/380 176/164/381 181/169/382
f 185/173/383 180/174/384 179/168/385
f 187/175/386 185/173/387 179/168/388
f 182/172/389 187/175/389 179/168/389
f 184/176/390 187/175/391 182/172/392
f 186/177/393 189/178/394 184/176/395
f 180/174/396 186/177/396 184/176/396
f 191/179/397 193/180/398 194/181/399
f 188/182/400 196/183/401 190/184/402
f 197/185/403 188/182/404 187/175/405
f 189/178/406 197/185/407 187/175/408
f 196/183/409 189/178/410 190/184/411
f 200/186/412 202/187/413 199/188/414
f 194/181/415 203/189/416 197/185/417
f 204/190/418 194/181/419 197/185/420
f 205/191/421 197/185/420 198/192/422
f 196/183/423 206/193/423 198/192/423
f 207/194/424 143/139/425 145/141/426
f 209/195/427 145/141/428 172/163/429
f 174/165/430 209/195/431 172/163/432
f 143/139/433 210/196/434 174/165/435
f 167/158/436 208/197/437 207/194/438
f 209/195/439 167/158/440 207/194/441
f 210/196/442 168/198/443 209/195/444
f 208/197/445 169/159/446 210/196/447
f 212/199/448 214/200/449 211/201/450
f 184/176/451 211/201/452 180/174/453
f 183/171/454 212/199/455 184/176/456
f 214/200/457 183/171/458 181/169/459
f 211/201/460 181/169/461 180/174/462
f 216/202/463 218/203/464 215/204/465
f 216/202/466 188/182/467 190/184/468
f 217/205/469 190/184/470 186/177/471
f 185/173/472 217/205/473 186/177/474
f 188/182/475 218/203/476 185/173/477
f 220/206/478 203/189/479 219/207/480
f 193/180/481 219/207/482 203/189/483
f 195/208/484 201/209/485 196/183/486
f 203/189/487 202/187/488 195/208/489
f 200/186/490 203/189/491 206/193/492
f 201/209/493 206/193/494 196/183/495
f 222/210/496 224/211/497 221/212/498
f 204/190/499 192/213/500 191/179/501
f 222/210/502 204/190/503 205/191/504
f 223/214/505 205/191/506 220/206/507
f 219/207/508 223/214/509 220/206/510
f 204/190/511 224/211/512 219/207/513
f 122/116/264 125/120/268 123/119/267
f 142/138/514 143/139/514 146/142/514
f 38/40/515 32/32/515 148/144/515
f 195/208/516 197/185/516 203/189/516
f 206/193/517 205/191/518 198/192/519
f 225/215/520 227/216/521 228/217/522
f 228/217/522 230/218/523 229/219/524
f 229/219/524 232/220/525 231/221/526
f 233/222/527 232/220/525 230/218/523
f 232/220/528 234/223/528 231/221/528
f 234/223/529 232/220/529 235/224/529
f 236/225/530 225/215/531 237/226/532
f 237/226/533 238/227/533 236/225/533
f 238/227/534 237/226/534 239/228/534
f 240/229/535 239/228/536 241/230/537
f 234/223/538 235/224/538 242/231/538
f 243/232/539 233/222/540 244/233/541
f 245/234/542 232/220/543 243/232/544
f 238/227/545 246/235/545 236/225/545
f 246/235/546 238/227/546 247/236/546
f 234/223/547 242/231/547 240/237/547
f 247/236/548 238/227/548 240/229/548
f 242/231/549 248/238/549 240/237/549
f 240/237/550 248/238/550 247/239/550
f 249/240/551 235/224/552 245/234/553
f 249/240/554 250/241/554 242/231/554
f 242/231/555 250/241/555 248/238/555
f 250/241/556 251/242/556 248/238/556
f 248/238/557 251/242/557 252/243/557
f 253/244/558 247/236/559 252/245/560
f 247/239/561 248/238/561 252/243/561
f 227/216/562 226/246/562 254/247/562
f 230/218/563 227/216/563 254/247/563
f 230/218/564 254/247/564 233/222/564
f 233/222/565 254/247/565 255/248/565
f 233/222/566 255/248/566 256/249/566
f 233/222/567 256/249/567 244/233/567
f 255/248/568 254/247/568 257/250/568
f 226/246/569 258/251/569 254/247/569
f 254/247/570 258/251/570 259/252/570
f 254/247/571 259/252/571 257/250/571
f 256/249/572 255/248/572 260/253/572
f 260/253/573 257/250/574 261/254/575
f 256/249/576 263/255/577 262/256/578
f 258/251/579 236/225/580 264/257/581
f 258/251/582 264/257/582 265/258/582
f 259/252/583 258/251/583 266/259/583
f 266/259/584 258/251/584 265/258/584
f 264/257/585 236/225/585 267/260/585
f 268/261/586 253/244/587 269/262/588
f 236/225/589 246/235/589 268/261/589
f 267/260/590 268/261/591 269/262/592
f 266/259/593 265/258/593 270/263/593
f 265/258/594 264/257/594 270/263/594
f 270/263/595 264/257/595 271/264/595
f 271/264/596 272/265/596 270/263/596
f 266/259/597 270/263/597 273/266/597
f 273/266/598 270/263/598 274/267/598
f 274/267/599 270/263/599 272/265/599
f 262/256/600 276/268/601 275/269/602
f 277/270/603 278/271/604 279/272/605
f 279/272/606 280/273/607 275/269/608
f 275/269/609 276/268/609 281/274/609
f 281/274/610 276/268/610 282/275/610
f 282/275/611 283/276/612 266/259/613
f 261/254/614 266/259/614 283/276/614
f 260/253/615 261/254/615 283/276/615
f 263/255/616 260/253/616 283/276/616
f 284/277/617 286/278/618 287/279/619
f 259/252/620 289/280/621 288/281/622
f 266/259/623 290/282/624 289/280/625
f 290/282/626 257/250/627 291/283/628
f 292/284/629 288/281/630 293/285/631
f 288/281/632 294/286/633 293/285/634
f 289/280/635 295/287/636 294/286/637
f 295/287/638 291/283/639 292/284/640
f 296/288/641 293/285/642 297/289/643
f 297/289/644 298/290/644 296/288/644
f 297/289/645 294/286/646 299/291/647
f 294/286/648 301/292/649 300/293/650
f 294/286/651 300/293/651 299/291/651
f 292/284/652 301/292/653 295/287/654
f 298/290/655 303/294/656 302/295/657
f 303/294/658 299/291/659 304/296/660
f 304/296/661 305/297/661 303/294/661
f 304/296/662 300/293/663 306/298/664
f 300/293/665 302/295/666 307/299/667
f 300/293/668 307/299/668 306/298/668
f 308/300/669 310/301/670 311/302/671
f 312/303/672 305/297/673 313/304/674
f 305/297/675 314/305/676 313/304/677
f 314/305/678 306/298/679 315/306/680
f 306/298/681 312/303/682 315/306/683
f 317/307/684 319/308/685 316/309/686
f 320/310/687 309/311/688 308/300/689
f 313/304/690 314/305/690 320/310/690
f 314/305/691 322/312/692 321/313/693
f 309/311/694 321/313/693 310/301/695
f 315/306/683 324/314/696 323/315/697
f 315/306/698 323/315/698 322/312/698
f 257/250/699 326/316/700 325/317/701
f 259/252/702 327/318/703 326/316/704
f 327/318/705 291/283/706 328/319/707
f 328/319/708 257/250/709 325/317/710
f 325/317/711 286/278/712 285/320/713
f 286/278/714 327/318/715 287/279/716
f 287/279/717 328/319/718 284/277/719
f 284/277/720 325/317/721 285/320/722
f 330/321/723 332/322/724 329/323/725
f 331/324/726 300/293/727 332/322/728
f 332/322/729 301/292/730 329/323/731
f 301/292/732 330/321/733 329/323/734
f 296/288/735 331/324/736 330/321/736
f 334/325/737 336/326/738 333/327/739
f 305/297/740 336/326/741 335/328/742
f 307/299/743 333/327/744 336/326/745
f 333/327/746 303/294/747 334/325/748
f 334/325/749 305/297/750 335/328/751
f 337/329/752 308/300/753 311/302/754
f 320/310/755 323/315/756 324/314/757
f 316/309/758 313/304/759 317/307/760
f 317/307/761 320/310/762 318/330/763
f 320/310/764 319/308/765 318/330/766
f 324/314/767 316/309/768 319/308/769
f 339/331/770 341/332/771 338/333/772
f 311/302/773 321/313/774 337/329/775
f 321/313/776 341/332/777 340/334/778
f 322/312/779 338/333/780 341/332/781
f 338/333/782 337/329/783 339/331/784
f 339/331/785 321/313/786 340/334/787
f 342/335/788 344/336/789 345/337/790
f 345/337/790 347/338/791 342/335/788
f 348/339/792 346/340/793 349/341/794
f 350/342/795 347/338/791 348/339/792
f 348/339/796 349/341/796 351/343/796
f 351/343/797 352/344/797 348/339/797
f 344/336/798 353/345/799 354/346/800
f 354/346/801 353/345/801 355/347/801
f 355/347/802 356/348/802 354/346/802
f 356/348/803 357/349/804 358/350/805
f 351/343/806 359/351/806 352/344/806
f 350/342/807 243/232/808 244/233/809
f 348/339/810 245/234/811 243/232/812
f 355/347/813 353/345/813 360/352/813
f 360/352/814 361/353/814 355/347/814
f 351/343/815 357/354/815 359/351/815
f 361/353/816 357/349/816 355/347/816
f 359/351/817 357/354/817 362/355/817
f 357/354/818 361/356/818 362/355/818
f 352/344/819 249/240/820 245/234/821
f 249/240/822 359/351/822 250/241/822
f 359/351/823 362/355/823 250/241/823
f 250/241/824 362/355/824 251/242/824
f 362/355/825 363/357/825 251/242/825
f 361/353/826 364/358/827 363/359/828
f 361/356/829 363/357/829 362/355/829
f 342/335/830 365/360/830 343/361/830
f 347/338/831 365/360/831 342/335/831
f 347/338/832 350/342/832 365/360/832
f 350/342/833 366/362/833 365/360/833
f 350/342/834 256/249/834 366/362/834
f 350/342/835 244/233/835 256/249/835
f 366/362/836 367/363/836 365/360/836
f 343/361/837 365/360/837 368/364/837
f 365/360/838 369/365/838 368/364/838
f 365/360/839 367/363/839 369/365/839
f 256/249/840 370/366/840 366/362/840
f 367/363/841 370/366/841 371/367/841
f 256/249/842 372/368/842 370/366/842
f 368/364/843 353/345/844 343/361/845
f 368/364/846 374/369/846 373/370/846
f 369/365/847 375/371/847 368/364/847
f 375/371/848 374/369/848 368/364/848
f 373/370/849 376/372/849 353/345/849
f 364/358/850 377/373/851 378/374/852
f 353/345/853 377/373/853 360/352/853
f 377/373/854 376/372/855 378/374/856
f 375/371/857 379/375/857 374/369/857
f 374/369/858 379/375/858 373/370/858
f 379/375/859 380/376/859 373/370/859
f 380/376/860 379/375/860 381/377/860
f 375/371/861 382/378/861 379/375/861
f 382/378/862 383/379/862 379/375/862
f 383/379/863 381/377/863 379/375/863
f 262/256/864 384/380/865 372/368/866
f 385/381/867 386/382/868 387/383/869
f 280/273/870 387/383/871 275/269/872
f 275/269/873 388/384/873 384/380/873
f 388/384/874 389/385/874 384/380/874
f 389/385/875 390/386/876 384/380/877
f 371/367/878 390/386/878 375/371/878
f 370/366/879 390/386/879 371/367/879
f 372/368/880 390/386/880 370/366/880
f 391/387/881 393/388/882 394/389/883
f 369/365/884 396/390/885 375/371/886
f 375/371/887 397/391/888 371/367/889
f 367/363/890 397/391/891 398/392/892
f 395/393/893 399/394/894 400/395/895
f 395/393/896 401/396/897 396/390/898
f 396/390/899 402/397/900 397/391/901
f 398/392/902 402/397/903 399/394/904
f 403/398/905 405/399/906 399/394/907
f 399/394/908 405/399/908 400/395/908
f 401/396/909 405/399/910 406/400/911
f 407/401/912 406/400/913 408/402/914
f 401/396/915 407/401/915 402/397/915
f 399/394/916 407/401/917 403/398/918
f 404/403/919 410/404/920 405/399/921
f 410/404/922 412/405/923 405/399/924
f 405/399/925 412/405/925 406/400/925
f 408/402/926 412/405/927 413/406/928
f 409/407/929 413/406/930 414/408/931
f 408/402/932 409/407/932 404/403/932
f 415/409/933 417/410/934 418/411/935
f 411/412/936 419/413/937 420/414/938
f 411/412/939 421/415/940 412/405/941
f 413/406/942 421/415/943 422/416/944
f 413/406/945 419/413/946 414/408/947
f 424/417/948 426/418/949 423/419/950
f 416/420/951 427/421/952 417/410/953
f 428/422/954 416/420/955 415/409/956
f 421/415/957 429/423/958 422/416/959
f 422/416/960 430/424/960 419/413/960
f 367/363/961 432/425/962 369/365/963
f 369/365/964 433/426/965 395/393/966
f 398/392/967 433/426/968 434/427/969
f 367/363/970 434/427/971 431/428/972
f 431/428/973 391/387/974 432/425/975
f 433/426/976 391/387/977 394/389/978
f 434/427/979 394/389/980 393/388/981
f 431/428/982 393/388/983 392/429/984
f 436/430/985 438/431/986 435/432/987
f 408/402/988 435/432/989 438/431/990
f 407/401/991 438/431/992 437/433/993
f 407/401/994 436/430/995 403/398/996
f 403/398/997 435/432/998 404/403/999
f 440/434/1000 442/435/1001 439/436/1002
f 411/412/1003 442/435/1004 414/408/1005
f 414/408/1006 441/437/1007 409/407/1008
f 410/404/1009 441/437/1010 440/434/1011
f 411/412/1012 440/434/1013 439/436/1014
f 427/421/1015 444/438/1016 443/439/1017
f 417/410/1018 443/439/1019 418/411/1020
f 420/414/1021 425/440/1022 424/417/1023
f 427/421/1024 424/417/1025 423/419/1026
f 427/421/1027 426/418/1028 430/424/1029
f 430/424/1030 425/440/1031 419/413/1032
f 446/441/1033 448/442/1034 445/443/1035
f 418/411/1036 428/422/1037 415/409/1038
f 428/422/1039 448/442/1040 429/423/1041
f 429/423/1042 447/444/1043 444/438/1042
f 443/439/1044 447/444/1045 446/441/1046
f 428/422/1047 446/441/1048 445/443/1049
f 346/340/793 348/339/792 347/338/791
f 370/366/1050 367/363/1050 366/362/1050
f 372/368/1051 256/249/1051 262/256/1051
f 427/421/1052 421/415/1052 420/414/1052
f 430/424/1053 429/423/1054 444/438/1055
f 228/217/1056 1/1/1057 225/215/1058
f 228/217/1056 5/6/1059 2/5/1060
f 229/219/1061 7/8/1062 5/6/1063
f 231/221/1064 10/10/1065 7/8/1066
f 225/215/1067 13/14/1068 237/226/1069
f 239/228/1070 13/14/1071 15/15/1072
f 239/228/1070 17/445/1073 241/230/1073
f 240/229/1074 17/445/1075 16/16/1076
f 240/237/1077 10/10/1078 234/223/1079
f 251/242/1080 28/28/1081 252/243/1082
f 253/244/1083 28/446/1081 29/29/1084
f 253/244/1083 45/447/1085 269/262/1086
f 449/448/1087 45/447/1088 450/449/1089
f 264/257/1090 47/46/1091 271/264/1092
f 272/265/1093 47/46/1091 48/47/1094
f 266/259/1095 49/48/1096 42/43/1097
f 274/267/1098 49/48/1096 273/266/1099
f 272/265/1100 50/49/1101 274/267/1098
f 276/268/1102 39/39/1103 52/50/1104
f 277/270/1105 54/450/1106 53/451/1107
f 277/270/1108 40/41/1109 264/257/1110
f 451/452/1111 450/449/1089 452/453/1112
f 275/269/1113 54/450/1106 279/272/1114
f 275/269/1115 57/52/1116 51/51/1117
f 282/275/1118 57/52/1119 281/274/1120
f 283/276/1121 52/50/1122 59/54/1123
f 282/275/1124 42/43/1125 58/53/1126
f 283/276/1121 39/39/1127 263/255/1128
f 454/454/1129 456/455/1130 453/456/1131
f 346/340/1132 119/117/1133 123/119/1134
f 349/341/1135 123/119/1136 124/118/1137
f 351/343/1138 124/118/1139 127/122/1140
f 354/346/1141 120/114/1142 344/336/1143
f 356/348/1144 129/126/1145 354/346/1146
f 357/349/1147 133/457/1148 358/350/1149
f 356/348/1144 133/457/1150 132/127/1151
f 357/354/1152 127/122/1153 134/132/1154
f 251/242/1080 139/135/1155 27/27/1156
f 364/358/1157 139/458/1155 363/359/1158
f 364/358/1157 153/459/1159 140/136/1160
f 378/374/1161 458/460/1162 153/459/1163
f 373/370/1164 156/150/1165 149/145/1166
f 381/377/1167 156/150/1165 380/376/1168
f 375/371/1169 158/152/1170 382/378/1171
f 383/379/1172 158/152/1170 159/153/1173
f 381/377/1174 159/153/1173 157/151/1175
f 384/380/1176 148/144/1177 372/368/1178
f 373/370/1179 163/461/1180 386/382/1181
f 387/383/1182 163/461/1180 162/462/1183
f 457/463/1184 452/453/1112 458/460/1162
f 387/383/1182 162/462/1183 51/51/1185
f 51/51/1186 275/269/1186 387/383/1187
f 275/269/1188 51/51/1188 164/155/1189
f 164/155/1190 388/384/1191 275/269/1192
f 389/385/1193 164/155/1194 165/156/1195
f 389/385/1196 151/147/1197 375/371/1198
f 390/386/1199 160/154/1200 384/380/1201
f 390/386/1199 148/144/1202 166/157/1203
f 345/337/1204 459/464/1205 460/465/1206
f 344/336/1207 461/466/1208 459/464/1205
f 120/114/1209 462/467/1210 461/466/1208
f 119/117/1211 460/465/1206 462/467/1210
f 460/465/1212 454/454/1129 453/456/1131
f 459/464/1212 455/468/1213 454/454/1129
f 461/466/1212 456/455/1130 455/468/1213
f 462/467/1212 453/456/1131 456/455/1130
f 1/1/1 2/5/5 3/2/2
f 6/4/4 3/2/2 2/5/5
f 8/7/7 6/4/4 5/6/6
f 12/12/12 13/14/1214 1/1/13
f 16/16/17 17/445/1215 15/15/18
f 19/18/21 20/33/1216 9/9/22
f 21/19/24 19/18/1217 8/7/25
f 25/25/33 21/19/1218 11/11/34
f 29/29/40 28/446/1219 23/21/41
f 33/34/55 31/31/1220 36/37/56
f 39/39/58 36/37/1221 32/32/59
f 12/12/61 4/3/1222 34/35/62
f 44/44/67 45/447/1223 29/29/68
f 52/50/78 39/39/1224 38/40/79
f 59/54/83 52/50/1225 58/53/84
f 60/55/89 61/97/1226 62/56/90
f 65/58/92 42/43/1227 35/36/93
f 66/60/95 37/38/1228 42/43/96
f 66/60/98 67/62/1229 33/34/99
f 68/61/101 69/64/1230 64/59/102
f 70/63/104 65/58/1231 64/59/105
f 71/65/107 66/60/1232 65/58/108
f 71/65/110 68/61/1233 67/62/111
f 72/66/113 73/68/1234 69/64/114
f 73/68/117 75/71/1235 70/63/118
f 77/69/120 71/65/1236 70/63/121
f 77/69/124 72/66/1237 68/61/125
f 79/72/127 73/68/1238 74/67/128
f 79/72/130 80/75/1239 75/71/131
f 80/75/134 82/77/1240 76/70/135
f 78/73/137 74/67/1241 76/70/138
f 84/78/141 85/111/1242 86/79/142
f 88/81/144 89/83/1243 81/74/145
f 90/82/147 80/75/1244 81/74/148
f 90/82/150 91/84/1245 82/77/151
f 88/81/153 83/76/1246 82/77/154
f 93/85/156 94/107/1247 95/86/157
f 96/88/159 84/78/1248 87/80/160
f 98/89/163 91/84/1249 90/82/164
f 87/80/166 86/79/1250 97/90/165
f 100/91/167 88/81/1251 91/84/168
f 102/93/171 35/36/1252 33/34/172
f 103/95/174 64/59/1253 35/36/175
f 103/95/177 104/96/1254 67/62/178
f 104/96/180 101/94/1255 33/34/181
f 62/56/183 102/93/1256 101/94/184
f 62/56/186 61/97/1257 103/95/187
f 61/97/189 60/55/1258 104/96/190
f 60/55/192 63/57/1259 101/94/193
f 106/98/195 107/101/1260 108/99/196
f 107/101/198 106/98/1261 76/70/199
f 106/98/201 105/100/1262 77/69/202
f 108/99/204 72/66/1263 77/69/205
f 107/101/207 74/67/1264 72/66/208
f 110/102/210 111/105/1265 112/103/211
f 110/102/213 83/76/1266 81/74/214
f 109/104/216 78/73/1267 83/76/217
f 109/104/219 112/103/1268 79/72/220
f 112/103/222 111/105/1269 81/74/223
f 113/106/225 85/111/1270 84/78/226
f 99/92/228 113/106/1271 96/88/229
f 92/87/231 95/86/1272 89/83/232
f 95/86/234 94/107/1273 96/88/235
f 93/85/237 100/91/1274 96/88/238
f 92/87/240 88/81/1275 100/91/241
f 115/108/243 116/112/1276 117/109/244
f 97/90/246 86/79/1277 85/111/247
f 115/108/249 98/89/1278 97/90/250
f 114/110/252 99/92/1279 98/89/253
f 114/110/255 117/109/1280 113/106/256
f 117/109/258 116/112/1281 97/90/259
f 118/113/261 119/117/265 120/114/262
f 122/116/264 123/119/267 119/117/265
f 120/114/272 129/126/1282 130/124/273
f 132/127/277 133/457/1283 134/128/278
f 126/121/281 20/33/1284 19/18/282
f 125/120/284 19/18/1285 21/19/285
f 128/123/293 21/19/1286 25/25/294
f 137/131/300 139/458/1287 140/136/301
f 130/124/317 149/145/1288 144/140/318
f 140/136/323 153/459/1289 154/148/324
f 160/154/334 51/51/1290 38/40/335
f 166/157/339 151/147/1291 165/156/340
f 167/158/345 168/198/1292 169/159/346
f 171/161/348 172/163/1293 145/141/349
f 173/162/351 171/161/1294 151/147/352
f 143/139/354 174/165/1295 173/162/355
f 172/163/357 175/170/1296 176/164/358
f 177/166/360 175/170/1297 172/163/361
f 178/167/363 177/166/1298 171/161/364
f 174/165/366 176/164/1299 178/167/367
f 179/168/369 180/174/1300 181/169/370
f 177/166/373 182/172/1301 179/168/374
f 183/171/376 184/176/1302 182/172/377
f 183/171/380 178/167/1303 176/164/381
f 185/173/383 186/177/1304 180/174/384
f 187/175/386 188/182/1305 185/173/387
f 184/176/390 189/178/1306 187/175/391
f 186/177/393 190/184/1307 189/178/394
f 191/179/397 192/213/1308 193/180/398
f 188/182/400 195/208/1309 196/183/401
f 197/185/403 195/208/1310 188/182/404
f 189/178/406 198/192/1311 197/185/407
f 196/183/409 198/192/1312 189/178/410
f 200/186/412 201/209/1313 202/187/413
f 194/181/415 193/180/1314 203/189/416
f 204/190/418 191/179/1315 194/181/419
f 205/191/421 204/190/418 197/185/420
f 207/194/424 208/197/1316 143/139/425
f 209/195/427 207/194/1317 145/141/428
f 174/165/430 210/196/1318 209/195/431
f 143/139/433 208/197/1319 210/196/434
f 167/158/436 170/160/1320 208/197/437
f 209/195/439 168/198/1321 167/158/440
f 210/196/442 169/159/1322 168/198/443
f 208/197/445 170/160/1323 169/159/446
f 212/199/448 213/469/1324 214/200/449
f 184/176/451 212/199/1325 211/201/452
f 183/171/454 213/469/1326 212/199/455
f 214/200/457 213/469/1327 183/171/458
f 211/201/460 214/200/1328 181/169/461
f 216/202/463 217/205/1329 218/203/464
f 216/202/466 215/204/1330 188/182/467
f 217/205/469 216/202/1331 190/184/470
f 185/173/472 218/203/1332 217/205/473
f 188/182/475 215/204/1333 218/203/476
f 220/206/478 206/193/1334 203/189/479
f 193/180/481 192/213/1335 219/207/482
f 195/208/484 202/187/1336 201/209/485
f 203/189/487 199/188/1337 202/187/488
f 200/186/490 199/188/1338 203/189/491
f 201/209/493 200/186/1339 206/193/494
f 222/210/496 223/214/1340 224/211/497
f 204/190/499 219/207/1341 192/213/500
f 222/210/502 221/212/1342 204/190/503
f 223/214/505 222/210/1343 205/191/506
f 219/207/508 224/211/1344 223/214/509
f 204/190/511 221/212/1345 224/211/512
f 206/193/517 220/206/1346 205/191/518
f 225/215/520 226/246/1347 227/216/521
f 228/217/522 227/216/521 230/218/523
f 229/219/524 230/218/523 232/220/525
f 236/225/530 226/246/1348 225/215/531
f 240/229/535 238/227/1349 239/228/536
f 243/232/539 232/220/1350 233/222/540
f 245/234/542 235/224/1351 232/220/543
f 249/240/551 242/231/1352 235/224/552
f 253/244/558 246/235/1353 247/236/559
f 260/253/573 255/248/1354 257/250/574
f 256/249/576 260/253/1355 263/255/577
f 258/251/579 226/246/1356 236/225/580
f 268/261/586 246/235/1357 253/244/587
f 267/260/590 236/225/1358 268/261/591
f 262/256/600 263/255/1359 276/268/601
f 277/270/603 264/257/1360 278/271/604
f 279/272/606 278/271/1361 280/273/607
f 282/275/611 276/268/1362 283/276/612
f 284/277/617 285/320/1363 286/278/618
f 259/252/620 266/259/1364 289/280/621
f 266/259/623 261/254/1365 290/282/624
f 290/282/626 261/254/1366 257/250/627
f 292/284/629 291/283/1367 288/281/630
f 288/281/632 289/280/1368 294/286/633
f 289/280/635 290/282/1369 295/287/636
f 295/287/638 290/282/1370 291/283/639
f 296/288/641 292/284/1371 293/285/642
f 297/289/645 293/285/1372 294/286/646
f 294/286/648 295/287/1373 301/292/649
f 292/284/652 296/288/1374 301/292/653
f 298/290/655 297/289/1375 303/294/656
f 303/294/658 297/289/1376 299/291/659
f 304/296/662 299/291/1377 300/293/663
f 300/293/665 298/290/1378 302/295/666
f 308/300/669 309/311/1379 310/301/670
f 312/303/672 307/299/1380 305/297/673
f 305/297/675 304/296/1381 314/305/676
f 314/305/678 304/296/1382 306/298/679
f 306/298/681 307/299/1383 312/303/682
f 317/307/684 318/330/1384 319/308/685
f 320/310/687 314/305/1385 309/311/688
f 314/305/691 315/306/1386 322/312/692
f 309/311/694 314/305/691 321/313/693
f 315/306/683 312/303/682 324/314/696
f 257/250/699 259/252/1387 326/316/700
f 259/252/702 288/281/1388 327/318/703
f 327/318/705 288/281/1389 291/283/706
f 328/319/708 291/283/1390 257/250/709
f 325/317/711 326/316/1391 286/278/712
f 286/278/714 326/316/1392 327/318/715
f 287/279/717 327/318/1393 328/319/718
f 284/277/720 328/319/1394 325/317/721
f 330/321/723 331/324/1395 332/322/724
f 331/324/726 298/290/1396 300/293/727
f 332/322/729 300/293/1397 301/292/730
f 301/292/732 296/288/1398 330/321/733
f 296/288/735 298/290/735 331/324/736
f 334/325/737 335/328/1399 336/326/738
f 305/297/740 307/299/1400 336/326/741
f 307/299/743 302/295/1401 333/327/744
f 333/327/746 302/295/1402 303/294/747
f 334/325/749 303/294/1403 305/297/750
f 337/329/752 320/310/1404 308/300/753
f 320/310/755 337/329/1405 323/315/756
f 316/309/758 312/303/1406 313/304/759
f 317/307/761 313/304/1407 320/310/762
f 320/310/764 324/314/1408 319/308/765
f 324/314/767 312/303/1409 316/309/768
f 339/331/770 340/334/1410 341/332/771
f 311/302/773 310/301/1411 321/313/774
f 321/313/776 322/312/1412 341/332/777
f 322/312/779 323/315/1413 338/333/780
f 338/333/782 323/315/1414 337/329/783
f 339/331/785 337/329/1415 321/313/786
f 342/335/788 343/361/1416 344/336/789
f 345/337/790 346/340/793 347/338/791
f 344/336/798 343/361/1417 353/345/799
f 356/348/803 355/347/1418 357/349/804
f 350/342/807 348/339/1419 243/232/808
f 348/339/810 352/344/1420 245/234/811
f 352/344/819 359/351/1421 249/240/820
f 361/353/826 360/352/1422 364/358/827
f 368/364/843 373/370/1423 353/345/844
f 364/358/850 360/352/1424 377/373/851
f 377/373/854 353/345/1425 376/372/855
f 262/256/864 275/269/1426 384/380/865
f 385/381/867 373/370/1427 386/382/868
f 280/273/870 385/381/1428 387/383/871
f 389/385/875 375/371/1429 390/386/876
f 391/387/881 392/429/1430 393/388/882
f 369/365/884 395/393/1431 396/390/885
f 375/371/887 396/390/1432 397/391/888
f 367/363/890 371/367/1433 397/391/891
f 395/393/893 398/392/1434 399/394/894
f 395/393/896 400/395/1435 401/396/897
f 396/390/899 401/396/1436 402/397/900
f 398/392/902 397/391/1437 402/397/903
f 403/398/905 404/403/1438 405/399/906
f 401/396/909 400/395/1439 405/399/910
f 407/401/912 401/396/1440 406/400/913
f 399/394/916 402/397/1441 407/401/917
f 404/403/919 409/407/1442 410/404/920
f 410/404/922 411/412/1443 412/405/923
f 408/402/926 406/400/1444 412/405/927
f 409/407/929 408/402/1445 413/406/930
f 415/409/933 416/420/1446 417/410/934
f 411/412/936 414/408/1447 419/413/937
f 411/412/939 420/414/1448 421/415/940
f 413/406/942 412/405/1449 421/415/943
f 413/406/945 422/416/1450 419/413/946
f 424/417/948 425/440/1451 426/418/949
f 416/420/951 421/415/1452 427/421/952
f 428/422/954 421/415/957 416/420/955
f 421/415/957 428/422/954 429/423/958
f 367/363/961 431/428/1453 432/425/962
f 369/365/964 432/425/1454 433/426/965
f 398/392/967 395/393/1455 433/426/968
f 367/363/970 398/392/1456 434/427/971
f 431/428/973 392/429/1457 391/387/974
f 433/426/976 432/425/1458 391/387/977
f 434/427/979 433/426/1459 394/389/980
f 431/428/982 434/427/1460 393/388/983
f 436/430/985 437/433/1461 438/431/986
f 408/402/988 404/403/1462 435/432/989
f 407/401/991 408/402/1463 438/431/992
f 407/401/994 437/433/1464 436/430/995
f 403/398/997 436/430/1465 435/432/998
f 440/434/1000 441/437/1466 442/435/1001
f 411/412/1003 439/436/1467 442/435/1004
f 414/408/1006 442/435/1468 441/437/1007
f 410/404/1009 409/407/1469 441/437/1010
f 411/412/1012 410/404/1470 440/434/1013
f 427/421/1015 430/424/1471 444/438/1016
f 417/410/1018 427/421/1472 443/439/1019
f 420/414/1021 419/413/1473 425/440/1022
f 427/421/1024 420/414/1474 424/417/1025
f 427/421/1027 423/419/1475 426/418/1028
f 430/424/1030 426/418/1476 425/440/1031
f 446/441/1033 447/444/1477 448/442/1034
f 418/411/1036 443/439/1478 428/422/1037
f 428/422/1039 445/443/1479 448/442/1040
f 429/423/1042 448/442/1043 447/444/1043
f 443/439/1044 444/438/1480 447/444/1045
f 428/422/1047 443/439/1481 446/441/1048
f 430/424/1053 422/416/1482 429/423/1054
f 228/217/1056 2/5/1060 1/1/1057
f 228/217/1056 229/219/1483 5/6/1059
f 229/219/1061 231/221/1484 7/8/1062
f 231/221/1064 234/223/1485 10/10/1065
f 225/215/1067 1/1/1486 13/14/1068
f 239/228/1070 237/226/1487 13/14/1071
f 239/228/1070 15/15/1072 17/445/1073
f 240/229/1074 241/230/1488 17/445/1075
f 240/237/1077 16/22/1489 10/10/1078
f 251/242/1080 27/27/1156 28/28/1081
f 253/244/1083 252/245/1082 28/446/1081
f 253/244/1083 29/29/1084 45/447/1085
f 449/448/1087 269/262/1490 45/447/1088
f 264/257/1090 40/41/1491 47/46/1091
f 272/265/1093 271/264/1092 47/46/1091
f 266/259/1095 273/266/1099 49/48/1096
f 274/267/1098 50/49/1101 49/48/1096
f 272/265/1100 48/47/1492 50/49/1101
f 276/268/1102 263/255/1493 39/39/1103
f 277/270/1105 279/272/1114 54/450/1106
f 277/270/1108 53/451/1494 40/41/1109
f 451/452/1111 449/448/1087 450/449/1089
f 275/269/1113 51/51/1495 54/450/1106
f 275/269/1115 281/274/1496 57/52/1116
f 282/275/1118 58/53/1497 57/52/1119
f 283/276/1121 276/268/1498 52/50/1122
f 282/275/1124 266/259/1499 42/43/1125
f 283/276/1121 59/54/1123 39/39/1127
f 454/454/1129 455/468/1213 456/455/1130
f 346/340/1132 345/337/1500 119/117/1133
f 349/341/1135 346/340/1501 123/119/1136
f 351/343/1138 349/341/1502 124/118/1139
f 354/346/1141 129/126/1503 120/114/1142
f 356/348/1144 132/127/1151 129/126/1145
f 357/349/1147 134/128/1504 133/457/1148
f 356/348/1144 358/350/1150 133/457/1150
f 357/354/1152 351/343/1505 127/122/1153
f 251/242/1080 363/357/1158 139/135/1155
f 364/358/1157 140/136/1160 139/458/1155
f 364/358/1157 378/374/1506 153/459/1159
f 378/374/1161 457/463/1184 458/460/1162
f 373/370/1164 380/376/1168 156/150/1165
f 381/377/1167 157/151/1507 156/150/1165
f 375/371/1169 151/147/1508 158/152/1170
f 383/379/1172 382/378/1171 158/152/1170
f 381/377/1174 383/379/1172 159/153/1173
f 384/380/1176 160/154/1509 148/144/1177
f 373/370/1179 149/145/1510 163/461/1180
f 387/383/1182 386/382/1181 163/461/1180
f 457/463/1184 451/452/1111 452/453/1112
f 389/385/1193 388/384/1511 164/155/1194
f 389/385/1196 165/156/1512 151/147/1197
f 390/386/1199 166/157/1203 160/154/1200
f 390/386/1199 372/368/1513 148/144/1202
f 345/337/1204 344/336/1207 459/464/1205
f 344/336/1207 120/114/1209 461/466/1208
f 120/114/1209 119/117/1211 462/467/1210
f 119/117/1211 345/337/1204 460/465/1206
f 460/465/1212 459/464/1212 454/454/1129
f 459/464/1212 461/466/1212 455/468/1213
f 461/466/1212 462/467/1212 456/455/1130
f 462/467/1212 460/465/1212 453/456/1131
usemtl lambert4SG
f 43/470/1514 12/12/1514 40/41/1514
f 43/470/1515 44/44/1516 12/12/1517
f 53/451/1518 55/471/1519 40/41/1520
f 54/450/1521 56/472/1522 55/471/1523
f 130/124/1524 152/473/1524 149/145/1524
f 154/148/1525 152/473/1526 130/124/1527
f 161/474/1528 163/461/1529 149/145/1530
f 56/472/1531 162/462/1532 161/474/1533
f 43/470/1515 45/447/1534 44/44/1516
f 53/451/1518 54/450/1535 55/471/1519
f 54/450/1521 51/51/1536 56/472/1522
f 154/148/1525 153/459/1537 152/473/1526
f 161/474/1528 162/462/1538 163/461/1529
f 56/472/1531 51/51/1539 162/462/1532
