# Blender v2.78 (sub 0) OBJ File: ''
# www.blender.org
mtllib deer_resize.mtl
o Plane003
v 2.961107 8.312093 -0.149427
v 2.538862 8.425667 0.324457
v 2.523077 8.669219 0.317607
v 3.380668 8.806529 -0.573075
v 1.773030 8.125307 1.060442
v 1.652486 8.483955 1.043697
v 1.866894 7.791176 1.026671
v 1.092951 7.662740 2.382463
v 1.305956 8.946241 1.384338
v 1.421673 6.019848 3.349281
v 1.123377 6.316381 4.274396
v 3.614265 7.858259 -1.429564
v 2.679396 7.824428 0.129539
v 2.659105 6.187745 0.417078
v 1.866834 7.792217 1.026290
v 2.141794 5.325645 2.379539
v 1.420752 6.024574 3.344294
v 1.426301 5.982410 4.727789
v 0.686510 7.879972 2.379879
v 0.677155 8.951590 1.441305
v 0.695643 6.385827 4.269769
v 3.190538 5.271143 0.290985
v 2.397485 4.904722 2.665696
v 2.125009 4.688051 3.502555
v 0.692939 5.986075 4.704514
v 0.692939 4.908789 4.379776
v 0.641661 4.186725 3.766419
v 2.125770 4.200947 3.194164
v 2.801443 4.686689 0.031829
v 2.705817 9.516674 -0.362052
v 1.918313 10.310187 -0.364796
v 0.641761 10.083641 -0.359288
v 2.337373 10.642356 -0.730675
v 3.130245 9.414999 -1.491138
v 3.226212 10.576315 -1.345896
v 1.975540 10.636667 -0.662911
v 1.934097 10.735679 -1.200413
v 0.641601 10.418173 -2.139590
v 1.815696 10.633863 -0.662812
v 3.131548 8.799879 -3.307516
v 2.475384 9.368789 -2.778226
v 3.040829 10.174280 -1.978524
v 3.133911 7.723694 -3.542054
v 3.192200 5.686098 -1.598503
v 2.801743 5.463378 -2.317041
v 1.311465 7.323982 -4.686924
v 0.958505 6.115174 -4.440248
v 1.770226 8.991813 -4.135441
v 2.643161 9.870295 -3.021438
v 4.377092 10.001596 -4.194852
v 4.726947 11.496622 -4.795331
v 3.219302 10.933480 -3.016570
v 3.778236 11.620111 -3.656127
v 0.759281 10.442430 -3.977980
v 1.279256 10.607944 -3.087078
v 2.484118 9.363060 -2.778246
v 1.196168 10.228343 -4.133058
v 0.688813 7.323462 -4.686123
v 0.689915 6.112991 -4.438685
v 0.753812 8.991531 -4.678651
v 1.181767 10.212298 -4.145937
v 2.486261 9.364582 -2.770294
v 1.543339 10.622224 -1.824468
v 2.408001 11.996766 1.721514
v 2.556488 11.974732 1.572967
v 2.490507 11.879086 1.610344
v 2.247195 11.893707 1.877051
v 3.448352 10.978148 -1.469425
v 3.342690 10.578398 -1.831058
v 2.656401 11.134869 -1.282439
v 2.917881 11.036258 -1.105428
v 4.623969 11.827807 -1.487232
v 5.008077 11.729438 -1.610681
v 4.724263 11.277506 -1.869076
v 4.499779 11.935352 -1.496706
v 5.988776 12.463200 -4.046344
v 6.342897 12.352469 -4.151145
v 6.001595 12.467306 -4.067677
v 6.167910 12.208970 -4.468089
v 5.954383 12.623565 -4.327294
v 5.619491 12.461536 -3.682368
v 6.461018 13.885935 -5.654142
v 6.622324 13.865063 -5.461628
v 6.478525 14.184372 -6.014212
v 6.697159 14.292015 -5.806896
v 6.341615 14.337286 -5.928862
v 6.483652 13.982643 -5.765592
v 7.347693 17.891479 -5.944446
v 7.260059 17.775902 -5.933389
v 7.191454 17.915997 -5.995784
v 7.249383 17.850536 -6.024127
v 6.693814 15.087513 -5.733283
v 7.400875 15.386610 -5.778653
v 7.180918 15.276661 -5.981322
v 7.048756 15.428715 -5.890784
v 7.760905 16.358335 -4.815900
v 7.749407 16.562368 -4.830002
v 7.844753 16.565512 -4.839656
v 7.849060 16.476397 -4.835230
v 7.381205 15.604822 -5.790651
v 7.125854 16.744726 -5.938076
v 7.111312 16.452881 -5.930665
v 7.188270 16.429504 -5.845094
v 7.157302 15.593445 -5.778072
v 2.112329 10.949604 1.198854
v 2.580766 10.903214 0.684188
v 2.692697 11.115599 0.589503
v 2.425848 11.164272 0.901380
v 4.697802 13.846855 -3.260222
v 4.862875 13.918346 -3.577327
v 4.885369 13.841328 -3.452577
v 4.880461 13.840466 -3.445325
v 7.608472 14.532724 -4.963626
v 7.620691 14.569660 -5.004328
v 7.689196 14.681273 -5.016026
v 7.659570 14.533064 -4.890494
v 7.198385 16.727819 -5.865024
v 5.924157 17.171978 -5.272439
v 5.892208 17.180752 -5.309155
v 5.895994 17.310532 -5.313842
v 5.926821 17.301918 -5.279669
v -1.121435 8.669219 0.317607
v -1.137219 8.425667 0.324457
v -1.559464 8.312093 -0.149427
v -1.979025 8.806529 -0.573075
v -0.250844 8.483955 1.043697
v -0.371387 8.125307 1.060442
v -0.465251 7.791176 1.026671
v 0.308892 7.662860 2.382564
v 0.095746 8.946241 1.384378
v -0.020030 6.019848 3.349281
v 0.278286 6.316401 4.274416
v -1.277754 7.824428 0.129539
v -2.212623 7.858259 -1.429564
v -1.257463 6.187745 0.417078
v -0.465191 7.792217 1.026290
v -0.019110 6.024574 3.344294
v -0.740152 5.325645 2.379539
v -0.024658 5.982390 4.727789
v -1.788895 5.271143 0.290985
v -0.995842 4.904722 2.665696
v -0.723266 4.687911 3.502635
v -0.723967 4.200847 3.194324
v -1.399800 4.686689 0.031829
v -1.304174 9.516674 -0.362052
v -0.516810 10.310167 -0.364816
v -0.935731 10.642356 -0.730675
v -1.728603 9.414999 -1.491138
v -1.824589 10.576315 -1.345896
v -0.573917 10.636687 -0.662932
v -0.532454 10.735679 -1.200413
v -0.414353 10.633883 -0.662752
v -1.729905 8.799879 -3.307516
v -1.073741 9.368789 -2.778226
v -1.639186 10.174280 -1.978524
v -1.732269 7.723694 -3.542054
v -1.400100 5.463378 -2.317041
v -1.790558 5.686098 -1.598503
v 0.443137 6.115174 -4.440248
v 0.090178 7.323982 -4.686924
v -0.368864 8.991753 -4.135321
v -1.241518 9.870295 -3.021438
v -2.975449 10.001596 -4.194852
v -3.325324 11.496622 -4.795331
v -1.817659 10.933480 -3.016570
v -2.376593 11.620111 -3.656127
v 0.122367 10.607924 -3.087238
v 0.207437 10.227422 -4.132777
v -1.082475 9.363060 -2.778246
v 0.219095 10.211857 -4.145837
v -1.084619 9.364582 -2.770294
v -0.141697 10.622224 -1.824468
v -1.088865 11.879086 1.610344
v -1.154846 11.974732 1.572967
v -1.006359 11.996766 1.721514
v -0.845553 11.893707 1.877051
v -1.941047 10.578398 -1.831058
v -2.046709 10.978148 -1.469425
v -1.254759 11.134869 -1.282439
v -1.516259 11.036258 -1.105428
v -3.606494 11.729458 -1.610741
v -3.222327 11.827807 -1.487232
v -3.322700 11.277506 -1.869136
v -3.098136 11.935352 -1.496706
v -4.971941 12.352510 -4.151305
v -4.632001 12.470951 -4.072444
v -4.588735 12.466705 -4.050792
v -4.796854 12.208970 -4.468089
v -4.218409 12.461937 -3.681106
v -4.583288 12.623485 -4.327133
v -5.251529 13.866106 -5.461888
v -5.090162 13.886057 -5.654122
v -5.107028 14.184372 -6.014192
v -5.324541 14.287809 -5.811482
v -4.970859 14.338247 -5.929363
v -5.112776 13.982443 -5.765392
v -5.534962 17.915997 -5.995784
v -5.603568 17.775902 -5.933389
v -5.691202 17.891479 -5.944446
v -5.592890 17.850536 -6.024127
v -5.520940 15.387550 -5.784381
v -5.316828 15.093542 -5.740614
v -5.520119 15.277122 -5.983366
v -5.395910 15.431139 -5.895711
v -6.156793 16.735432 -3.742639
v -6.062648 16.733248 -3.732624
v -6.076370 16.527395 -3.716740
v -6.161781 16.645636 -3.737131
v -5.720586 15.610853 -5.799884
v -5.469983 16.745228 -5.938417
v -5.455321 16.452339 -5.931205
v -5.501231 15.596210 -5.780715
v -1.179123 10.903214 0.684188
v -0.710687 10.949604 1.198854
v -1.291054 11.115599 0.589503
v -1.024206 11.164272 0.901380
v -3.483786 13.841307 -3.452656
v -3.461372 13.918425 -3.577267
v -3.296199 13.847015 -3.260242
v -3.478818 13.840466 -3.445325
v -6.318520 14.761154 -5.015887
v -6.249955 14.649803 -5.003948
v -6.237737 14.613108 -4.963586
v -6.288815 14.613108 -4.890715
v -5.540971 16.727579 -5.864845
v -5.531838 16.429705 -5.845054
v -4.524758 17.253365 -5.314503
v -4.521472 17.123526 -5.310256
v -4.552260 17.114752 -5.272899
v -4.555004 17.245131 -5.279730
v 2.990552 8.310471 -0.122306
v 3.416343 8.816004 -0.557491
v 2.547955 8.679915 0.347132
v 2.566003 8.428371 0.353822
v 1.803777 8.135221 1.084159
v 1.682231 8.493049 1.068976
v 1.899985 7.801812 1.046621
v 1.117348 7.685194 2.404938
v 1.322842 8.969437 1.412301
v 1.454524 6.042122 3.354710
v 1.142887 6.347669 4.290080
v 3.654247 7.858680 -1.427161
v 2.712126 7.825389 0.152635
v 2.691355 6.199803 0.437530
v 1.900044 7.800751 1.047002
v 2.172421 5.346858 2.394301
v 1.455445 6.037415 3.359697
v 1.448034 5.994489 4.759217
v 0.686049 7.908976 2.407522
v 0.677055 8.981115 1.468406
v 0.695603 6.417175 4.294707
v 3.229337 5.264853 0.298737
v 2.432839 4.915879 2.680879
v 2.156998 4.681401 3.525751
v 0.692959 5.996732 4.743133
v 0.692959 4.887115 4.413468
v 0.640739 4.161746 3.797727
v 2.156216 4.186164 3.215597
v 2.835194 4.665196 0.029946
v 2.732938 9.533480 -0.337815
v 1.925123 10.336147 -0.335071
v 0.642201 10.119076 -0.340579
v 2.333748 10.669978 -0.701871
v 3.169385 9.423332 -1.493042
v 3.261927 10.562895 -1.333637
v 1.975080 10.671782 -0.643622
v 1.921418 10.773677 -1.201095
v 0.642362 10.458134 -2.136826
v 1.811149 10.668817 -0.643743
v 3.168083 8.815063 -3.313865
v 2.513763 9.380146 -2.776664
v 3.071355 10.178767 -2.004083
v 3.165720 7.719828 -3.566131
v 3.227674 5.669913 -1.607657
v 2.834894 5.447994 -2.333467
v 1.322762 7.323061 -4.725363
v 0.970543 6.102796 -4.476403
v 1.788935 8.999724 -4.169993
v 2.679196 9.860961 -3.006615
v 4.398825 10.008146 -4.161841
v 4.753307 11.495700 -4.765164
v 3.254215 10.914493 -3.011482
v 3.808623 11.608933 -3.632532
v 0.760022 10.474079 -4.002538
v 1.290233 10.645961 -3.093368
v 2.508595 9.394547 -2.782012
v 1.188457 10.227541 -4.172378
v 0.688793 7.323582 -4.726184
v 0.689915 6.104979 -4.477945
v 0.754794 9.000025 -4.717791
v 1.202839 10.243567 -4.159498
v 2.506452 9.393025 -2.789984
v 1.557501 10.657019 -1.838389
v 2.408442 12.034643 1.734614
v 2.227445 11.902922 1.910683
v 2.519993 11.866486 1.634380
v 2.581727 12.005619 1.569121
v 3.472970 10.957177 -1.445809
v 3.366307 10.570766 -1.862506
v 2.638714 11.170623 -1.286124
v 2.912232 11.072193 -1.088663
v 4.638231 11.842251 -1.452699
v 5.036880 11.732302 -1.582978
v 4.725204 11.238367 -1.877569
v 4.489063 11.971748 -1.483827
v 6.011951 12.488618 -4.025793
v 6.379854 12.346601 -4.136843
v 6.022327 12.495369 -4.047966
v 6.170173 12.176962 -4.492086
v 5.918348 12.639049 -4.335426
v 5.591989 12.490261 -3.677461
v 6.440587 13.913357 -5.633270
v 6.654013 13.865705 -5.437110
v 6.477903 14.168707 -6.051069
v 6.731091 14.270765 -5.808318
v 6.303257 14.345238 -5.937255
v 6.476722 14.006620 -5.734245
v 7.368625 17.924690 -5.936453
v 7.257435 17.872551 -6.056617
v 7.177012 17.953354 -5.996524
v 7.248502 17.785639 -5.896272
v 6.663688 15.103798 -5.712492
v 7.435948 15.367319 -5.780335
v 7.193017 15.271574 -6.019180
v 7.019532 15.442696 -5.914340
v 7.762888 16.333878 -4.784232
v 7.884334 16.472691 -4.816581
v 7.869091 16.596519 -4.832466
v 7.731700 16.594797 -4.814498
v 7.412833 15.615459 -5.812825
v 7.100535 16.759047 -5.965638
v 7.078442 16.440962 -5.950195
v 7.180758 16.423857 -5.806154
v 7.127056 15.616161 -5.764871
v 2.084727 10.930115 1.220387
v 2.602979 10.873188 0.698630
v 2.726268 11.135969 0.597415
v 2.400570 11.190632 0.884894
v 4.670881 13.857191 -3.232419
v 4.903677 13.863583 -3.422250
v 4.910968 13.868427 -3.437893
v 4.853881 13.949291 -3.601124
v 7.585577 14.556301 -4.940691
v 7.683847 14.528639 -4.858926
v 7.714755 14.711998 -5.018911
v 7.596794 14.595058 -4.984619
v 7.202231 16.738558 -5.826605
v 5.912138 17.155434 -5.237966
v 5.925118 17.329601 -5.250765
v 5.869514 17.339535 -5.321794
v 5.855152 17.166750 -5.315144
v -1.146313 8.679915 0.347132
v -2.014700 8.816004 -0.557491
v -1.588909 8.310471 -0.122306
v -1.164360 8.428371 0.353822
v -0.402135 8.135221 1.084159
v -0.280590 8.493049 1.068976
v 0.284074 7.685094 2.404838
v -0.498342 7.801812 1.046621
v 0.078740 8.969437 1.412280
v -0.052881 6.042122 3.354710
v 0.258716 6.347649 4.290060
v -2.252604 7.858680 -1.427161
v -1.310483 7.825389 0.152635
v -1.289712 6.199803 0.437530
v -0.498402 7.800751 1.047002
v -0.770778 5.346858 2.394301
v -0.053802 6.037415 3.359697
v -0.046371 5.994510 4.759197
v -1.827694 5.264853 0.298737
v -1.031197 4.915879 2.680879
v -0.755435 4.681541 3.525671
v -0.754735 4.186264 3.215436
v -1.433551 4.665196 0.029946
v -1.331295 9.533480 -0.337815
v -0.523360 10.336188 -0.335071
v -0.932105 10.669978 -0.701871
v -1.767743 9.423332 -1.493042
v -1.860284 10.562895 -1.333637
v -0.573417 10.671762 -0.643602
v -0.519775 10.773677 -1.201095
v -0.409225 10.668797 -0.643783
v -1.766441 8.815063 -3.313865
v -1.112121 9.380146 -2.776664
v -1.669713 10.178767 -2.004083
v -1.764077 7.719828 -3.566131
v -1.826031 5.669913 -1.607657
v -1.433251 5.447994 -2.333467
v 0.078880 7.323061 -4.725363
v 0.431099 6.102796 -4.476403
v -0.387012 8.999804 -4.170115
v -1.277554 9.860961 -3.006615
v -2.997182 10.008146 -4.161841
v -3.351664 11.495700 -4.765164
v -1.852572 10.914493 -3.011482
v -2.407000 11.608933 -3.632532
v 0.111410 10.645982 -3.093207
v -1.106953 9.394547 -2.782012
v 0.211223 10.228443 -4.172658
v 0.199565 10.244007 -4.159598
v -1.104809 9.393025 -2.789984
v -0.155859 10.657019 -1.838389
v -1.118350 11.866486 1.634380
v -0.825802 11.902922 1.910683
v -1.006800 12.034643 1.734614
v -1.180084 12.005619 1.569121
v -2.071327 10.957177 -1.445809
v -1.964664 10.570766 -1.862506
v -1.237071 11.170623 -1.286124
v -1.510590 11.072193 -1.088663
v -3.236568 11.842251 -1.452699
v -3.635198 11.732282 -1.582918
v -3.323501 11.238347 -1.877509
v -3.087421 11.971748 -1.483827
v -4.608706 12.485112 -4.021346
v -4.649869 12.491724 -4.043200
v -5.008758 12.346561 -4.136662
v -4.799178 12.176962 -4.492086
v -4.189785 12.489861 -3.678722
v -4.547392 12.639149 -4.335587
v -5.069371 13.913237 -5.633290
v -5.282756 13.864662 -5.436849
v -5.361678 14.274971 -5.803730
v -5.107348 14.168728 -6.051089
v -4.931941 14.344255 -5.936754
v -5.105546 14.006821 -5.734425
v -5.520521 17.953354 -5.996524
v -5.600943 17.872551 -6.056617
v -5.712133 17.924690 -5.936453
v -5.592009 17.785639 -5.896272
v -5.298622 15.097769 -5.705181
v -5.553511 15.366379 -5.774586
v -5.540831 15.271112 -6.017137
v -5.359374 15.440252 -5.909413
v -6.181290 16.765017 -3.731242
v -6.195873 16.641869 -3.716439
v -6.071682 16.503237 -3.685132
v -6.042738 16.762352 -3.713615
v -5.760447 15.609430 -5.803610
v -5.443422 16.758547 -5.965298
v -5.421448 16.441502 -5.949673
v -5.470123 15.613396 -5.762228
v -0.683084 10.930115 1.220387
v -1.201337 10.873188 0.698630
v -1.324625 11.135969 0.597415
v -0.998927 11.190632 0.884894
v -3.509265 13.868450 -3.437834
v -3.502035 13.863583 -3.422250
v -3.269198 13.857010 -3.232380
v -3.452097 13.949213 -3.601183
v -6.343378 14.792400 -5.019051
v -6.312551 14.608900 -4.858706
v -6.214281 14.636202 -4.940732
v -6.225478 14.675222 -4.985019
v -5.546661 16.738796 -5.826786
v -5.524206 16.423656 -5.806195
v -4.498718 17.283070 -5.321133
v -4.554904 17.272755 -5.250705
v -4.541964 17.099028 -5.237505
v -4.483835 17.110346 -5.314062
vt 1.0000 1.0000
vt 1.0000 0.0000
vt 1.0000 0.0000
vt 1.0000 0.0000
vt 0.0000 0.0000
vt 0.0000 1.0000
vt 0.0000 0.0000
vt 0.0000 1.0000
vt 0.0000 1.0000
vt 0.0000 1.0000
vt 0.0000 1.0000
vt 1.0000 0.0000
vt 1.0000 0.0000
vt 1.0000 0.0000
vt 1.0000 0.0000
vt 0.0000 1.0000
vt 0.0000 1.0000
vt 1.0000 0.0000
vt 1.0000 0.0000
vt 1.0000 0.0000
vt 1.0000 0.0000
vt 1.0000 0.0000
vt 1.0000 0.0000
vt 1.0000 0.0000
vt 0.0000 1.0000
vt 0.0000 0.0000
vt 1.0000 0.0000
vt 1.0000 0.0000
vt 0.0000 0.0000
vt 0.0000 0.0000
vt 1.0000 0.0000
vt 0.0000 0.0000
vt 0.0000 0.0000
vt 0.0000 0.0000
vt 0.0000 0.0000
vt 0.0000 0.0000
vt 0.0000 0.0000
vt 0.0000 0.0000
vt 0.0000 0.0000
vt 0.0000 0.0000
vt 0.0000 0.0000
vt 0.0000 0.0000
vt 0.0000 1.0000
vt 0.0000 1.0000
vt 0.0000 0.0000
vt 0.0000 0.0000
vt 0.0000 0.0000
vt 0.0000 0.0000
vt 0.0000 0.0000
vt 0.0000 0.0000
vt 0.0000 0.0000
vt 0.0000 0.0000
vt 0.0000 0.0000
vt 0.0000 0.0000
vt 0.0000 0.0000
vt 0.0000 0.0000
vt 0.0000 0.0000
vt 0.0000 0.0000
vt 0.0000 0.0000
vt 0.0000 0.0000
vt 0.0000 0.0000
vt 0.0000 0.0000
vt 0.0000 0.0000
vt 0.0000 0.0000
vt 0.0000 0.0000
vt 0.0000 0.0000
vt 0.0000 0.0000
vt 0.0000 0.0000
vt 0.0000 0.0000
vt 0.0000 0.0000
vt 0.0000 0.0000
vt 0.0000 0.0000
vt 0.0000 0.0000
vt 0.0000 0.0000
vt 0.0000 0.0000
vt 0.0000 0.0000
vt 0.0000 0.0000
vt 0.0000 0.0000
vt 0.0000 0.0000
vt 0.0000 0.0000
vt 0.0000 0.0000
vt 0.0000 0.0000
vt 0.0000 0.0000
vt 0.0000 0.0000
vt 0.0000 0.0000
vt 0.0000 0.0000
vt 0.0000 0.0000
vt 0.0000 0.0000
vt 0.0000 0.0000
vt 0.0000 0.0000
vt 0.0000 0.0000
vt 0.0000 0.0000
vt 0.0000 0.0000
vt 0.0000 0.0000
vt 0.0000 0.0000
vt 0.0000 0.0000
vt 0.0000 0.0000
vt 0.0000 0.0000
vt 0.0000 0.0000
vt 0.0000 0.0000
vt 0.0000 0.0000
vt 0.0000 0.0000
vt 0.0000 0.0000
vt 0.0000 0.0000
vt 0.0000 0.0000
vt 0.0000 0.0000
vt 0.0000 0.0000
vt 0.0000 0.0000
vt 0.0000 0.0000
vt 0.0000 0.0000
vt 0.0000 0.0000
vt 0.0000 0.0000
vt 0.0000 0.0000
vt 0.0000 0.0000
vt 0.0000 0.0000
vt 0.0000 0.0000
vt 0.0000 0.0000
vt 0.0000 0.0000
vt 1.0000 0.0000
vt 1.0000 1.0000
vt 1.0000 0.0000
vt 1.0000 0.0000
vt 0.0000 1.0000
vt 0.0000 0.0000
vt 0.0000 0.0000
vt 0.0000 1.0000
vt 0.0000 1.0000
vt 0.0000 1.0000
vt 0.0000 1.0000
vt 1.0000 0.0000
vt 1.0000 0.0000
vt 0.0000 1.0000
vt 0.0000 1.0000
vt 1.0000 0.0000
vt 1.0000 0.0000
vt 1.0000 0.0000
vt 1.0000 0.0000
vt 0.0000 1.0000
vt 0.0000 0.0000
vt 1.0000 0.0000
vt 1.0000 0.0000
vt 0.0000 0.0000
vt 0.0000 0.0000
vt 0.0000 0.0000
vt 0.0000 0.0000
vt 0.0000 0.0000
vt 0.0000 0.0000
vt 0.0000 0.0000
vt 0.0000 0.0000
vt 0.0000 0.0000
vt 0.0000 0.0000
vt 0.0000 0.0000
vt 0.0000 1.0000
vt 0.0000 1.0000
vt 0.0000 1.0000
vt 0.0000 0.0000
vt 0.0000 0.0000
vt 0.0000 0.0000
vt 0.0000 0.0000
vt 0.0000 0.0000
vt 0.0000 0.0000
vt 0.0000 0.0000
vt 0.0000 0.0000
vt 0.0000 0.0000
vt 0.0000 0.0000
vt 0.0000 0.0000
vt 0.0000 0.0000
vt 0.0000 0.0000
vt 0.0000 0.0000
vt 0.0000 0.0000
vt 0.0000 0.0000
vt 0.0000 0.0000
vt 0.0000 0.0000
vt 0.0000 0.0000
vt 0.0000 0.0000
vt 0.0000 0.0000
vt 0.0000 0.0000
vt 0.0000 0.0000
vt 0.0000 0.0000
vt 0.0000 0.0000
vt 0.0000 0.0000
vt 0.0000 0.0000
vt 0.0000 0.0000
vt 0.0000 0.0000
vt 0.0000 0.0000
vt 0.0000 0.0000
vt 0.0000 0.0000
vt 0.0000 0.0000
vt 0.0000 0.0000
vt 0.0000 0.0000
vt 0.0000 0.0000
vt 0.0000 0.0000
vt 0.0000 0.0000
vt 0.0000 0.0000
vt 0.0000 0.0000
vt 0.0000 0.0000
vt 0.0000 0.0000
vt 0.0000 0.0000
vt 0.0000 0.0000
vt 0.0000 0.0000
vt 0.0000 0.0000
vt 0.0000 0.0000
vt 0.0000 0.0000
vt 0.0000 0.0000
vt 0.0000 0.0000
vt 0.0000 0.0000
vt 0.0000 0.0000
vt 0.0000 0.0000
vt 0.0000 0.0000
vt 0.0000 0.0000
vt 0.0000 0.0000
vt 0.0000 0.0000
vt 0.0000 0.0000
vt 0.0000 0.0000
vt 0.0000 0.0000
vt 0.0000 0.0000
vt 0.0000 0.0000
vt 0.0000 0.0000
vt 0.0000 0.0000
vt 0.0000 0.0000
vt 0.0000 0.0000
vt 0.0000 0.0000
vt 0.0000 0.0000
vt 0.0000 0.0000
vt 0.0000 0.0000
vt 1.0000 0.0000
vt 1.0000 0.0000
vt 1.0000 1.0000
vt 1.0000 0.0000
vt 0.0000 0.0000
vt 0.0000 1.0000
vt 0.0000 1.0000
vt 0.0000 1.0000
vt 0.0000 1.0000
vt 0.0000 1.0000
vt 0.0000 1.0000
vt 1.0000 0.0000
vt 1.0000 0.0000
vt 1.0000 0.0000
vt 1.0000 0.0000
vt 1.0000 0.0000
vt 0.0000 1.0000
vt 0.0000 1.0000
vt 1.0000 0.0000
vt 1.0000 0.0000
vt 1.0000 0.0000
vt 1.0000 0.0000
vt 1.0000 0.0000
vt 1.0000 0.0000
vt 1.0000 0.0000
vt 0.0000 1.0000
vt 0.0000 1.0000
vt 1.0000 0.0000
vt 0.0000 0.0000
vt 0.0000 0.0000
vt 1.0000 0.0000
vt 0.0000 0.0000
vt 0.0000 0.0000
vt 0.0000 0.0000
vt 0.0000 0.0000
vt 0.0000 0.0000
vt 0.0000 0.0000
vt 0.0000 0.0000
vt 0.0000 0.0000
vt 0.0000 0.0000
vt 0.0000 0.0000
vt 0.0000 0.0000
vt 0.0000 0.0000
vt 0.0000 0.0000
vt 0.0000 1.0000
vt 0.0000 1.0000
vt 0.0000 1.0000
vt 0.0000 0.0000
vt 0.0000 0.0000
vt 0.0000 0.0000
vt 0.0000 0.0000
vt 0.0000 0.0000
vt 0.0000 0.0000
vt 0.0000 0.0000
vt 0.0000 0.0000
vt 0.0000 0.0000
vt 0.0000 0.0000
vt 0.0000 0.0000
vt 0.0000 0.0000
vt 0.0000 1.0000
vt 0.0000 0.0000
vt 0.0000 0.0000
vt 0.0000 0.0000
vt 0.0000 0.0000
vt 0.0000 0.0000
vt 0.0000 0.0000
vt 0.0000 0.0000
vt 0.0000 0.0000
vt 0.0000 0.0000
vt 0.0000 0.0000
vt 0.0000 0.0000
vt 0.0000 0.0000
vt 0.0000 0.0000
vt 0.0000 0.0000
vt 0.0000 0.0000
vt 0.0000 0.0000
vt 0.0000 0.0000
vt 0.0000 0.0000
vt 0.0000 0.0000
vt 0.0000 0.0000
vt 0.0000 0.0000
vt 0.0000 0.0000
vt 0.0000 0.0000
vt 0.0000 0.0000
vt 0.0000 0.0000
vt 0.0000 0.0000
vt 0.0000 0.0000
vt 0.0000 0.0000
vt 0.0000 0.0000
vt 0.0000 0.0000
vt 0.0000 0.0000
vt 0.0000 0.0000
vt 0.0000 0.0000
vt 0.0000 0.0000
vt 0.0000 0.0000
vt 0.0000 0.0000
vt 0.0000 0.0000
vt 0.0000 0.0000
vt 0.0000 0.0000
vt 0.0000 0.0000
vt 0.0000 0.0000
vt 0.0000 0.0000
vt 0.0000 0.0000
vt 0.0000 0.0000
vt 0.0000 0.0000
vt 0.0000 0.0000
vt 0.0000 0.0000
vt 0.0000 0.0000
vt 0.0000 0.0000
vt 0.0000 0.0000
vt 0.0000 0.0000
vt 0.0000 0.0000
vt 0.0000 0.0000
vt 0.0000 0.0000
vt 0.0000 0.0000
vt 0.0000 0.0000
vt 0.0000 0.0000
vt 0.0000 0.0000
vt 0.0000 0.0000
vt 0.0000 0.0000
vt 0.0000 0.0000
vt 0.0000 0.0000
vt 1.0000 0.0000
vt 1.0000 1.0000
vt 1.0000 0.0000
vt 1.0000 0.0000
vt 0.0000 1.0000
vt 0.0000 0.0000
vt 0.0000 1.0000
vt 0.0000 1.0000
vt 0.0000 1.0000
vt 0.0000 1.0000
vt 0.0000 1.0000
vt 1.0000 0.0000
vt 1.0000 0.0000
vt 0.0000 1.0000
vt 0.0000 1.0000
vt 1.0000 0.0000
vt 1.0000 0.0000
vt 1.0000 0.0000
vt 1.0000 0.0000
vt 0.0000 1.0000
vt 0.0000 1.0000
vt 1.0000 0.0000
vt 0.0000 0.0000
vt 0.0000 0.0000
vt 1.0000 0.0000
vt 0.0000 0.0000
vt 0.0000 0.0000
vt 0.0000 0.0000
vt 0.0000 0.0000
vt 0.0000 0.0000
vt 0.0000 0.0000
vt 0.0000 0.0000
vt 0.0000 0.0000
vt 0.0000 0.0000
vt 0.0000 0.0000
vt 0.0000 0.0000
vt 0.0000 1.0000
vt 0.0000 1.0000
vt 0.0000 1.0000
vt 0.0000 0.0000
vt 0.0000 0.0000
vt 0.0000 0.0000
vt 0.0000 0.0000
vt 0.0000 0.0000
vt 0.0000 0.0000
vt 0.0000 0.0000
vt 0.0000 0.0000
vt 0.0000 0.0000
vt 0.0000 0.0000
vt 0.0000 0.0000
vt 0.0000 0.0000
vt 0.0000 0.0000
vt 0.0000 0.0000
vt 0.0000 0.0000
vt 0.0000 0.0000
vt 0.0000 0.0000
vt 0.0000 0.0000
vt 0.0000 0.0000
vt 0.0000 0.0000
vt 0.0000 0.0000
vt 0.0000 0.0000
vt 0.0000 0.0000
vt 0.0000 0.0000
vt 0.0000 0.0000
vt 0.0000 0.0000
vt 0.0000 0.0000
vt 0.0000 0.0000
vt 0.0000 0.0000
vt 0.0000 0.0000
vt 0.0000 0.0000
vt 0.0000 0.0000
vt 0.0000 0.0000
vt 0.0000 0.0000
vt 0.0000 0.0000
vt 0.0000 0.0000
vt 0.0000 0.0000
vt 0.0000 0.0000
vt 0.0000 0.0000
vt 0.0000 0.0000
vt 0.0000 0.0000
vt 0.0000 0.0000
vt 0.0000 0.0000
vt 0.0000 0.0000
vt 0.0000 0.0000
vt 0.0000 0.0000
vt 0.0000 0.0000
vt 0.0000 0.0000
vt 0.0000 0.0000
vt 0.0000 0.0000
vt 0.0000 0.0000
vt 0.0000 0.0000
vt 0.0000 0.0000
vt 0.0000 0.0000
vt 0.0000 0.0000
vt 0.0000 0.0000
vt 0.0000 0.0000
vt 0.0000 0.0000
vt 0.0000 0.0000
vt 0.0000 0.0000
vt 0.0000 0.0000
vt 0.0000 0.0000
vt 0.0000 0.0000
vt 0.0000 0.0000
vt 0.0000 0.0000
vt 0.0000 0.0000
vt 0.0000 0.0000
vt 0.0000 0.0000
vt 0.0000 0.0000
vt 0.0000 0.0000
vt 0.0000 0.0000
vt 0.0000 1.0000
vt 0.0000 1.0000
vt 0.0000 1.0000
vt 0.0000 1.0000
vt 0.0000 1.0000
vt 0.0000 1.0000
vt 0.0000 0.0000
vt 1.0000 1.0000
vt 1.0000 1.0000
vt 1.0000 1.0000
vt 1.0000 1.0000
vt 1.0000 1.0000
vt 1.0000 1.0000
vt 1.0000 1.0000
vt 1.0000 1.0000
vn -0.7642 -0.4338 -0.4773
vn -0.9306 -0.3052 -0.2022
vn -0.8202 0.2588 -0.5102
vn -0.8541 -0.0797 -0.5139
vn -0.7347 -0.1085 -0.6696
vn -0.8827 -0.2978 -0.3635
vn -0.7296 -0.6837 -0.0161
vn -0.2924 -0.5563 -0.7778
vn -0.1252 -0.8093 -0.5739
vn -0.6962 -0.3149 -0.6450
vn -0.8318 -0.4348 -0.3449
vn -0.7056 -0.7084 -0.0169
vn -0.5944 -0.6667 -0.4496
vn -0.9282 -0.3174 -0.1941
vn -0.6516 -0.6554 -0.3819
vn 0.0150 -0.8002 -0.5995
vn 0.0318 0.2885 -0.9570
vn -0.3892 0.5137 -0.7646
vn -0.3363 0.6235 -0.7058
vn -0.3142 0.5075 -0.8023
vn -0.7840 0.5972 -0.1697
vn -0.9494 0.1669 -0.2659
vn -0.6289 -0.3994 -0.6671
vn -0.5033 -0.4720 -0.7238
vn -0.7608 -0.0975 -0.6417
vn -0.5536 -0.5516 -0.6239
vn 0.1402 -0.8040 -0.5779
vn -0.0553 -0.8458 -0.5307
vn -0.4012 -0.4010 -0.8236
vn -0.7389 -0.6367 -0.2204
vn -0.9255 0.1214 -0.3588
vn -0.5382 -0.4162 -0.7329
vn 0.1177 -0.6808 -0.7230
vn -0.0182 -0.9835 -0.1798
vn 0.3816 -0.9084 -0.1707
vn -0.9514 -0.2919 0.0982
vn -0.4905 -0.8255 0.2792
vn -0.9664 0.0483 0.2525
vn -0.8794 0.1795 0.4410
vn -0.9731 -0.0511 0.2245
vn -0.8494 0.5156 0.1125
vn -0.9814 0.1876 0.0403
vn -0.9631 0.1709 0.2081
vn -0.5533 0.3186 0.7696
vn -0.5295 -0.1817 0.8286
vn -0.8877 0.4040 0.2207
vn -0.6842 -0.1199 -0.7193
vn -0.5584 -0.0333 -0.8289
vn -0.5383 -0.2026 -0.8181
vn -0.8630 0.4668 0.1930
vn -0.8514 0.4625 -0.2475
vn -0.7320 0.2441 -0.6361
vn 0.2937 -0.9559 0.0062
vn -0.3733 -0.8260 0.4223
vn 0.0011 0.1996 0.9799
vn -0.4652 -0.1599 0.8706
vn -0.4602 -0.2153 0.8613
vn -0.3335 -0.8726 0.3568
vn -0.7216 -0.6241 0.2996
vn -0.1179 -0.6518 0.7492
vn -0.2415 -0.9168 0.3179
vn 0.5443 -0.8165 -0.1924
vn 0.0175 -0.9998 0.0059
vn -0.7297 0.1237 -0.6725
vn -0.8816 0.4228 -0.2098
vn 0.2598 -0.4963 0.8284
vn 0.3807 -0.7882 -0.4835
vn -0.4220 0.5690 -0.7058
vn -0.3631 0.6238 -0.6921
vn 0.2351 -0.4168 0.8781
vn 0.2153 -0.6827 -0.6983
vn -0.3451 -0.8512 -0.3954
vn -0.3778 -0.8402 -0.3891
vn -0.7518 0.6122 -0.2449
vn 0.8803 0.0560 0.4712
vn 0.8111 0.2360 0.5351
vn -0.5630 -0.6902 -0.4546
vn 0.4972 -0.7134 -0.4939
vn -0.8639 0.4114 0.2907
vn -0.7098 0.5139 0.4817
vn 0.8288 0.2582 0.4964
vn 0.3474 -0.7420 -0.5734
vn -0.5155 -0.5200 -0.6811
vn -0.3325 -0.6068 0.7220
vn -0.3084 0.0864 -0.9473
vn -0.7167 0.4469 0.5354
vn 0.3159 -0.2308 0.9203
vn 0.6932 -0.4683 0.5479
vn -0.1167 -0.0750 -0.9903
vn -0.7151 0.0306 0.6984
vn -0.6721 -0.0199 0.7402
vn 0.5318 -0.0050 0.8468
vn 0.5837 -0.0020 0.8119
vn 0.7733 -0.0791 -0.6291
vn 0.7319 -0.0711 -0.6777
vn -0.0855 0.9823 -0.1664
vn -0.8872 0.3189 -0.3334
vn -0.0848 -0.9958 0.0353
vn 0.6363 -0.7441 0.2035
vn -0.6192 0.5145 -0.5931
vn -0.8752 0.2880 -0.3887
vn 0.5752 -0.5749 0.5819
vn 0.7572 -0.4501 0.4733
vn -0.4440 -0.7963 -0.4107
vn -0.8021 -0.5648 -0.1941
vn 0.7829 0.3706 0.4997
vn -0.6926 -0.2552 -0.6747
vn -0.7507 -0.3632 -0.5518
vn -0.7510 -0.3641 -0.5509
vn 0.6108 -0.6689 -0.4237
vn 0.6562 -0.4650 -0.5942
vn 0.6213 -0.6640 -0.4160
vn 0.6358 -0.5012 -0.5870
vn -0.6456 0.5454 0.5345
vn -0.0069 -0.0672 -0.9977
vn -0.0520 -0.0779 -0.9956
vn -0.3440 0.7221 -0.6002
vn -0.8770 -0.0528 0.4776
vn 0.0932 -0.7228 0.6848
vn 0.8433 0.0104 -0.5373
vn 0.7471 -0.0522 -0.6626
vn 0.6967 -0.0874 -0.7120
vn 0.4593 0.0187 0.8881
vn 0.4392 0.8819 -0.1714
vn -0.4342 -0.0454 -0.8997
vn -0.3542 -0.9250 0.1377
vn 0.7641 -0.4338 -0.4773
vn 0.9306 -0.3053 -0.2022
vn 0.8202 0.2588 -0.5102
vn 0.8541 -0.0797 -0.5139
vn 0.7347 -0.1085 -0.6696
vn 0.8827 -0.2978 -0.3635
vn 0.7296 -0.6837 -0.0161
vn 0.3111 -0.5507 -0.7745
vn 0.1282 -0.8090 -0.5737
vn 0.6962 -0.3149 -0.6450
vn 0.8318 -0.4348 -0.3449
vn 0.7056 -0.7084 -0.0169
vn 0.5944 -0.6667 -0.4496
vn 0.9283 -0.3173 -0.1941
vn 0.6515 -0.6555 -0.3820
vn -0.0153 -0.8001 -0.5997
vn -0.0325 0.2885 -0.9569
vn 0.3937 0.5109 -0.7642
vn 0.3566 0.5900 -0.7244
vn 0.3384 0.5030 -0.7953
vn 0.7840 0.5972 -0.1697
vn 0.9494 0.1670 -0.2660
vn 0.6289 -0.3994 -0.6671
vn 0.5033 -0.4720 -0.7238
vn 0.7608 -0.0975 -0.6417
vn 0.5536 -0.5515 -0.6239
vn -0.1546 -0.8046 -0.5733
vn 0.0599 -0.8445 -0.5321
vn 0.4012 -0.4010 -0.8235
vn 0.7389 -0.6367 -0.2204
vn 0.9255 0.1214 -0.3588
vn 0.5382 -0.4162 -0.7329
vn -0.1297 -0.6808 -0.7209
vn 0.0182 -0.9835 -0.1797
vn -0.0077 -0.4942 -0.8693
vn 0.9536 -0.2939 0.0653
vn 0.4905 -0.8255 0.2792
vn 0.9664 0.0483 0.2525
vn 0.8794 0.1795 0.4410
vn 0.9731 -0.0511 0.2245
vn 0.8494 0.5156 0.1125
vn 0.9814 0.1876 0.0403
vn 0.9631 0.1709 0.2081
vn 0.6032 0.4468 0.6608
vn 0.5296 -0.1817 0.8286
vn 0.8877 0.4040 0.2207
vn 0.6842 -0.1199 -0.7193
vn 0.5584 -0.0333 -0.8289
vn 0.5383 -0.2026 -0.8181
vn 0.8630 0.4668 0.1930
vn 0.8514 0.4625 -0.2475
vn 0.7320 0.2441 -0.6361
vn -0.2641 -0.9633 -0.0482
vn 0.3733 -0.8260 0.4223
vn -0.0011 0.1996 0.9799
vn 0.4289 -0.1751 0.8862
vn 0.4267 -0.2008 0.8818
vn 0.2698 -0.8935 0.3590
vn 0.7216 -0.6242 0.2995
vn 0.7283 -0.6663 0.1599
vn 0.2415 -0.9168 0.3179
vn -0.5443 -0.8165 -0.1924
vn -0.0176 -0.9998 0.0059
vn 0.7297 0.1237 -0.6725
vn 0.7559 0.6298 -0.1787
vn -0.3453 -0.4562 0.8202
vn -0.3807 -0.7882 -0.4835
vn 0.4220 0.5691 -0.7058
vn 0.3600 0.6764 -0.6425
vn -0.2968 -0.4594 0.8372
vn -0.2153 -0.6827 -0.6983
vn 0.3566 -0.8441 -0.4004
vn 0.3448 -0.8519 -0.3942
vn 0.7483 0.6138 -0.2517
vn -0.8190 0.2022 0.5370
vn -0.8852 0.0397 0.4635
vn 0.4086 -0.8104 -0.4198
vn 0.3687 -0.5686 -0.7353
vn 0.6722 0.5517 0.4938
vn 0.8718 0.3794 0.3099
vn -0.8289 0.2583 0.4963
vn 0.4636 -0.5467 -0.6973
vn -0.4472 -0.7271 -0.5210
vn 0.3325 -0.6068 0.7220
vn 0.3207 0.0799 -0.9438
vn 0.7213 0.2545 0.6441
vn -0.3772 -0.1683 0.9107
vn -0.6352 -0.0996 -0.7659
vn 0.1040 -0.0667 -0.9923
vn 0.7025 0.0311 0.7110
vn -0.5970 -0.0042 0.8022
vn -0.5726 -0.0048 0.8198
vn -0.8846 -0.3492 -0.3090
vn 0.0469 0.9838 -0.1733
vn 0.8631 0.3721 -0.3416
vn 0.0848 -0.9958 0.0353
vn -0.6363 -0.7441 0.2035
vn 0.6104 0.5148 -0.6020
vn 0.8752 0.2880 -0.3887
vn -0.5752 -0.5749 0.5819
vn -0.7572 -0.4501 0.4733
vn 0.4634 -0.7884 -0.4045
vn 0.7934 -0.5771 -0.1939
vn -0.7697 0.3626 0.5254
vn 0.6827 -0.2487 -0.6871
vn 0.4495 0.0278 -0.8928
vn 0.4491 0.0277 -0.8931
vn 0.4490 0.0277 -0.8931
vn -0.7510 -0.5077 -0.4223
vn -0.6637 -0.5386 -0.5191
vn -0.6520 -0.6337 -0.4164
vn -0.6538 -0.4649 -0.5970
vn 0.6696 0.5393 0.5107
vn 0.0430 -0.0649 -0.9970
vn 0.0352 -0.0637 -0.9974
vn 0.8244 0.5594 -0.0869
vn 0.7407 0.6505 -0.1679
vn -0.0992 -0.8813 0.4621
vn -0.9313 -0.3498 -0.1017
vn -0.7492 -0.0401 -0.6611
vn -0.7494 -0.0408 -0.6609
vn -0.7494 -0.0407 -0.6608
vn -0.5865 -0.0721 -0.8067
vn -0.5502 -0.0070 0.8350
vn -0.4796 0.8541 -0.2015
vn 0.5249 -0.0404 -0.8502
vn 0.3859 -0.9095 0.1542
vn 0.1289 -0.6562 -0.7435
vn -0.4172 -0.8932 -0.1678
vn 0.7132 0.6142 -0.3379
vn -0.7818 -0.0670 -0.6199
vn 0.7645 0.4330 0.4776
vn 0.9276 0.3104 0.2077
vn 0.8431 -0.2014 0.4986
vn 0.8555 0.0788 0.5118
vn 0.7345 0.1080 0.6699
vn 0.8558 0.3187 0.4075
vn 0.7389 0.6733 0.0262
vn 0.0770 0.6573 0.7497
vn 0.3804 0.7265 0.5723
vn 0.7037 0.3101 0.6392
vn 0.8355 0.4299 0.3423
vn 0.7139 0.6998 0.0270
vn 0.6017 0.6614 0.4479
vn 0.9282 0.3151 0.1980
vn 0.6480 0.6526 0.3927
vn 0.1195 0.7239 0.6795
vn -0.0213 -0.2847 0.9584
vn 0.3934 -0.5076 0.7665
vn 0.3398 -0.6227 0.7048
vn 0.3168 -0.5038 0.8036
vn 0.9563 -0.2396 0.1678
vn 0.9500 -0.1668 0.2639
vn 0.6314 0.3975 0.6659
vn 0.5020 0.4725 0.7244
vn 0.7572 0.1068 0.6445
vn 0.5522 0.5536 0.6234
vn -0.1383 0.8027 0.5801
vn 0.0614 0.8454 0.5306
vn 0.4051 0.4049 0.8197
vn 0.7391 0.6371 0.2185
vn 0.9240 -0.1255 0.3611
vn 0.5427 0.4231 0.7256
vn -0.1184 0.6815 0.7222
vn 0.0336 0.9837 0.1766
vn -0.3825 0.9079 0.1713
vn 0.9518 0.2908 -0.0978
vn 0.4877 0.8279 -0.2769
vn 0.9673 -0.0436 -0.2500
vn 0.8777 -0.1851 -0.4421
vn 0.9730 0.0498 -0.2255
vn 0.7452 -0.6330 -0.2097
vn 0.9813 -0.1879 -0.0408
vn 0.8693 -0.3275 -0.3703
vn 0.5529 -0.3168 -0.7706
vn 0.5051 0.1416 -0.8514
vn 0.8864 -0.4088 -0.2171
vn 0.6852 0.1087 0.7202
vn 0.5566 0.0162 0.8306
vn 0.5335 0.2056 0.8204
vn 0.8618 -0.4712 -0.1877
vn 0.8522 -0.4640 0.2419
vn 0.7322 -0.2456 0.6353
vn -0.2924 0.9562 -0.0103
vn 0.7738 0.3775 -0.5086
vn 0.0038 -0.1996 -0.9799
vn 0.0013 0.0050 -1.0000
vn -0.1046 0.4345 -0.8946
vn 0.3286 0.8744 -0.3570
vn 0.7202 0.6275 -0.2959
vn 0.1254 0.6551 -0.7451
vn 0.2548 0.9149 -0.3130
vn -0.5981 0.7762 0.1994
vn -0.0181 0.9998 -0.0060
vn 0.6930 0.0304 0.7203
vn 0.8882 -0.4273 0.1689
vn -0.2541 0.4919 -0.8327
vn -0.1481 0.7878 0.5978
vn 0.2246 -0.2885 0.9308
vn 0.3751 -0.6379 0.6726
vn -0.2107 0.4089 -0.8879
vn 0.0651 0.3035 0.9506
vn 0.4344 0.7968 0.4201
vn 0.4361 0.7834 0.4429
vn 0.5902 -0.8064 0.0367
vn -0.8930 -0.0275 -0.4492
vn -0.8041 -0.2563 -0.5364
vn 0.5348 0.7217 0.4395
vn -0.3571 0.7410 0.5686
vn 0.7600 -0.4693 -0.4496
vn 0.6792 -0.5619 -0.4721
vn -0.7385 -0.3653 -0.5666
vn -0.7656 0.5854 0.2667
vn 0.3328 0.6044 0.7238
vn -0.2097 0.4343 0.8760
vn 0.1221 -0.1037 0.9871
vn 0.7112 -0.4432 -0.5457
vn -0.3255 0.2316 -0.9167
vn -0.7334 0.4885 -0.4727
vn 0.1159 0.1281 0.9850
vn 0.7385 -0.0219 -0.6739
vn 0.7062 -0.0269 -0.7075
vn -0.5404 -0.0033 -0.8414
vn -0.5877 0.0167 -0.8089
vn -0.8522 0.0831 0.5166
vn -0.8095 0.0687 0.5831
vn 0.0301 -0.9900 0.1379
vn 0.8960 -0.2914 0.3350
vn 0.1473 0.9889 -0.0212
vn -0.7342 0.6537 -0.1836
vn 0.5426 -0.5376 0.6454
vn 0.9064 -0.2387 0.3485
vn -0.4828 0.6236 -0.6149
vn -0.7698 0.4406 -0.4618
vn 0.2653 0.8962 0.3556
vn 0.7845 0.6192 0.0324
vn -0.7900 -0.3743 -0.4856
vn 0.6202 0.1684 0.7662
vn 0.7718 0.4092 0.4867
vn 0.7720 0.4086 0.4869
vn -0.2815 0.7541 0.5934
vn -0.6044 0.7136 0.3543
vn -0.6262 0.6570 0.4198
vn -0.5841 0.2279 0.7791
vn 0.6577 -0.5551 -0.5092
vn 0.2615 0.0526 0.9638
vn 0.1655 0.0394 0.9854
vn 0.7490 -0.5812 0.3181
vn 0.8855 0.0498 -0.4619
vn -0.0981 0.7259 -0.6808
vn -0.8271 -0.0338 0.5610
vn -0.7929 0.1032 0.6006
vn -0.7996 0.0750 0.5959
vn -0.4619 0.0043 -0.8869
vn -0.4280 -0.8844 0.1864
vn 0.4242 0.0349 0.9049
vn 0.3564 0.9222 -0.1500
vn -0.7645 0.4329 0.4776
vn -0.9277 0.3103 0.2077
vn -0.8431 -0.2014 0.4986
vn -0.8555 0.0788 0.5118
vn -0.7345 0.1080 0.6699
vn -0.8558 0.3187 0.4075
vn -0.7389 0.6733 0.0262
vn -0.0832 0.6562 0.7500
vn -0.4031 0.7169 0.5688
vn -0.7037 0.3101 0.6392
vn -0.8355 0.4299 0.3423
vn -0.7139 0.6998 0.0270
vn -0.6017 0.6614 0.4479
vn -0.9281 0.3152 0.1980
vn -0.6480 0.6526 0.3926
vn -0.1225 0.7244 0.6784
vn 0.0217 -0.2847 0.9584
vn -0.3979 -0.5048 0.7661
vn -0.3601 -0.5885 0.7238
vn -0.3411 -0.4994 0.7964
vn -0.9563 -0.2394 0.1678
vn -0.9500 -0.1666 0.2639
vn -0.6314 0.3975 0.6659
vn -0.5020 0.4725 0.7244
vn -0.7572 0.1067 0.6444
vn -0.5522 0.5537 0.6233
vn 0.1523 0.8033 0.5758
vn -0.0664 0.8440 0.5322
vn -0.4050 0.4049 0.8198
vn -0.7391 0.6371 0.2185
vn -0.9240 -0.1255 0.3611
vn -0.5427 0.4231 0.7256
vn 0.1304 0.6815 0.7201
vn -0.0336 0.9837 0.1766
vn 0.0099 0.4974 0.8674
vn -0.9541 0.2931 -0.0616
vn -0.4877 0.8279 -0.2769
vn -0.9673 -0.0436 -0.2500
vn -0.8777 -0.1851 -0.4421
vn -0.9730 0.0498 -0.2255
vn -0.7452 -0.6330 -0.2097
vn -0.9813 -0.1879 -0.0408
vn -0.8693 -0.3275 -0.3703
vn -0.6030 -0.4465 -0.6611
vn -0.5050 0.1416 -0.8514
vn -0.8864 -0.4088 -0.2171
vn -0.6852 0.1087 0.7202
vn -0.5566 0.0162 0.8306
vn -0.5335 0.2056 0.8204
vn -0.8618 -0.4712 -0.1877
vn -0.8522 -0.4640 0.2419
vn -0.7322 -0.2456 0.6352
vn 0.2586 0.9649 0.0460
vn -0.7745 0.3761 -0.5086
vn -0.0042 -0.1996 -0.9799
vn -0.0014 0.0051 -1.0000
vn 0.0833 0.4348 -0.8967
vn -0.2665 0.8944 -0.3592
vn -0.7202 0.6274 -0.2960
vn -0.7274 0.6671 -0.1608
vn -0.2548 0.9149 -0.3130
vn 0.5981 0.7762 0.1994
vn 0.0180 0.9998 -0.0060
vn -0.6930 0.0304 0.7203
vn -0.7657 -0.6274 0.1418
vn 0.3451 0.4469 -0.8253
vn 0.1481 0.7878 0.5978
vn -0.2245 -0.2883 0.9308
vn -0.3639 -0.7276 0.5816
vn 0.2882 0.4583 -0.8408
vn -0.0651 0.3035 0.9506
vn -0.4026 0.8140 0.4188
vn -0.3624 0.8429 0.3977
vn -0.5862 -0.8091 0.0404
vn 0.8173 -0.2735 -0.5071
vn 0.8889 -0.0413 -0.4562
vn -0.3296 0.8593 0.3911
vn -0.4115 0.5489 0.7276
vn -0.7128 -0.5260 -0.4639
vn -0.8631 -0.3873 -0.3242
vn 0.7371 -0.3668 -0.5676
vn -0.3730 0.6107 0.6985
vn 0.4567 0.7197 0.5229
vn 0.2097 0.4343 0.8760
vn -0.3447 -0.0855 0.9348
vn -0.7269 -0.2663 -0.6330
vn 0.3802 0.1710 -0.9089
vn 0.6681 0.0985 0.7375
vn -0.1226 0.1327 0.9835
vn -0.7388 -0.0232 -0.6735
vn 0.5876 0.0168 -0.8090
vn 0.5124 -0.0028 -0.8588
vn 0.8989 0.3308 0.2873
vn 0.0145 -0.9891 0.1463
vn -0.8642 -0.3637 0.3477
vn -0.1473 0.9889 -0.0212
vn 0.7342 0.6537 -0.1836
vn -0.5675 -0.5390 0.6225
vn -0.9064 -0.2387 0.3485
vn 0.4828 0.6236 -0.6149
vn 0.7698 0.4406 -0.4618
vn -0.2023 0.9041 0.3763
vn -0.7772 0.6281 0.0386
vn 0.7904 -0.3737 -0.4854
vn -0.6250 0.1707 0.7618
vn -0.4689 0.0001 0.8833
vn 0.4432 0.6309 0.6368
vn 0.6374 0.6949 0.3328
vn 0.6472 0.6609 0.3800
vn 0.5907 0.2126 0.7784
vn -0.6798 -0.5440 -0.4918
vn -0.1693 0.0522 0.9842
vn -0.2614 0.0526 0.9638
vn -0.7529 -0.6382 0.1605
vn -0.9661 0.0851 -0.2437
vn 0.0559 0.8774 -0.4765
vn 0.9362 0.3259 0.1315
vn 0.7718 0.0923 0.6292
vn 0.7571 0.0658 0.6500
vn 0.5620 -0.0018 -0.8271
vn 0.4611 -0.8588 0.2234
vn -0.5129 0.0270 0.8580
vn -0.3846 0.9065 -0.1741
vn -0.1234 0.6616 0.7396
vn 0.4181 0.8926 0.1685
vn -0.7573 -0.6204 0.2041
vn 0.8049 0.0856 0.5871
vn -0.8422 0.2001 -0.5007
vn -0.8554 -0.3192 -0.4080
vn -0.0735 -0.6574 -0.7499
vn -0.3840 -0.7252 -0.5715
vn -0.1114 -0.7312 -0.6730
vn -0.9554 0.2437 -0.1667
vn -0.1289 -0.6563 -0.7434
vn 0.0082 -0.4963 -0.8681
vn -0.9536 -0.2939 0.0653
vn -0.7457 0.6327 0.2091
vn -0.8689 0.3284 0.3704
vn -0.6032 0.4468 0.6608
vn -0.5038 -0.1431 0.8519
vn 0.2294 -0.9725 -0.0404
vn -0.7800 -0.3631 0.5096
vn 0.0041 0.2003 0.9797
vn 0.0013 -0.0045 1.0000
vn 0.1057 -0.4328 0.8953
vn -0.7283 -0.6663 0.1599
vn -0.6797 0.1922 -0.7079
vn -0.7559 0.6298 -0.1788
vn 0.3453 -0.4562 0.8202
vn 0.1266 -0.7753 -0.6188
vn -0.2244 0.2910 -0.9300
vn -0.3600 0.6764 -0.6425
vn 0.2968 -0.4594 0.8372
vn -0.1154 -0.2186 -0.9690
vn -0.3797 -0.8324 -0.4037
vn -0.5904 0.8062 -0.0390
vn 0.8854 0.0399 0.4632
vn -0.4101 -0.8097 -0.4197
vn -0.3708 -0.5680 -0.7347
vn -0.7362 0.4851 0.4719
vn 0.7472 0.3557 0.5613
vn 0.4504 -0.7264 -0.5191
vn 0.2587 -0.2845 -0.9231
vn -0.1022 0.0912 -0.9906
vn -0.7214 0.4480 0.5282
vn 0.3357 -0.2492 0.9084
vn 0.6351 -0.0984 -0.7662
vn -0.0988 -0.0541 -0.9936
vn -0.6397 0.0422 0.7675
vn 0.5634 -0.0022 0.8262
vn 0.4560 0.0183 0.8898
vn 0.7261 -0.6438 0.2416
vn -0.0469 0.9838 -0.1733
vn -0.8631 0.3721 -0.3416
vn -0.1494 -0.9884 0.0264
vn 0.6721 -0.7151 0.1923
vn -0.6104 0.5148 -0.6020
vn -0.8085 0.3832 -0.4467
vn 0.5245 -0.5918 0.6121
vn 0.7527 -0.4516 0.4790
vn -0.4597 -0.7903 -0.4051
vn -0.8033 -0.5606 -0.2013
vn 0.7860 0.3727 0.4932
vn -0.6799 -0.2456 -0.6909
vn -0.7585 -0.3801 -0.5293
vn -0.7587 -0.3792 -0.5296
vn 0.7532 -0.5063 -0.4200
vn 0.6441 -0.5195 -0.5615
vn 0.6263 -0.6473 -0.4345
vn 0.6452 -0.6189 -0.4480
vn -0.6377 0.5681 0.5202
vn -0.0434 -0.0625 -0.9971
vn -0.0030 -0.0666 -0.9978
vn -0.7938 0.5504 -0.2587
vn -0.8904 -0.0204 0.4547
vn 0.0753 -0.7205 0.6893
vn 0.7386 -0.6705 0.0697
vn 0.7360 -0.0459 -0.6755
vn 0.5859 -0.0726 -0.8071
vn 0.4542 -0.0000 0.8909
vn 0.4452 0.8811 -0.1597
vn -0.4331 -0.0412 -0.9004
vn -0.3721 -0.9225 0.1031
vn 0.8422 0.2001 -0.5007
vn 0.8554 -0.3192 -0.4080
vn 0.0795 -0.6564 -0.7502
vn 0.4073 -0.7155 -0.5676
vn 0.1142 -0.7316 -0.6720
vn 0.9554 0.2438 -0.1667
vn 0.9514 -0.2919 0.0982
vn 0.7457 0.6327 0.2091
vn 0.8689 0.3284 0.3704
vn 0.5533 0.3186 0.7696
vn 0.5038 -0.1431 0.8519
vn -0.2922 -0.9559 -0.0313
vn 0.7794 -0.3645 0.5096
vn -0.0044 0.2003 0.9797
vn -0.0013 -0.0044 1.0000
vn -0.0830 -0.4331 0.8975
vn 0.1179 -0.6518 0.7492
vn 0.6797 0.1922 -0.7079
vn 0.8816 0.4228 -0.2098
vn -0.2598 -0.4963 0.8284
vn -0.1265 -0.7753 -0.6188
vn 0.2245 0.2911 -0.9300
vn 0.3632 0.6238 -0.6921
vn -0.2351 -0.4168 0.8780
vn 0.1154 -0.2186 -0.9690
vn 0.3539 -0.4819 -0.8016
vn 0.5862 0.8090 -0.0426
vn -0.8172 0.2434 0.5224
vn 0.5628 -0.6901 -0.4550
vn -0.4992 -0.7126 -0.4930
vn 0.7007 0.5233 0.4849
vn -0.7490 0.3540 0.5601
vn 0.6317 -0.5178 -0.5769
vn -0.2587 -0.2845 -0.9231
vn 0.3179 0.0801 -0.9447
vn 0.9796 0.1773 -0.0943
vn -0.4036 -0.1846 0.8961
vn -0.8968 -0.3401 -0.2830
vn 0.1195 -0.0843 -0.9893
vn 0.6392 0.0404 0.7679
vn -0.4560 0.0183 0.8898
vn -0.5485 -0.0069 0.8361
vn 0.0855 0.9823 -0.1664
vn 0.8872 0.3189 -0.3334
vn 0.1494 -0.9884 0.0264
vn -0.6721 -0.7151 0.1923
vn 0.6192 0.5145 -0.5931
vn 0.8085 0.3832 -0.4467
vn -0.5245 -0.5918 0.6121
vn -0.7527 -0.4516 0.4790
vn 0.4452 -0.7955 -0.4111
vn 0.7957 -0.5685 -0.2087
vn -0.7857 0.3732 0.4934
vn 0.6926 -0.2562 -0.6743
vn 0.7509 -0.3637 -0.5512
vn 0.7509 -0.3636 -0.5513
vn 0.7511 -0.3647 -0.5504
vn -0.6075 -0.6706 -0.4258
vn -0.6764 -0.4767 -0.5615
vn -0.6474 -0.6512 -0.3961
vn -0.6714 -0.5725 -0.4706
vn 0.6645 0.5557 0.4996
vn 0.0819 -0.0737 -0.9939
vn 0.0432 -0.0626 -0.9971
vn 0.8147 0.5719 -0.0964
vn 0.9728 -0.0400 0.2281
vn -0.0701 -0.8815 0.4670
vn -0.9574 0.0418 -0.2856
vn -0.7653 -0.0498 -0.6418
vn -0.7653 -0.0496 -0.6418
vn -0.7062 -0.0881 -0.7025
vn -0.5557 0.0131 0.8313
vn -0.4824 0.8535 -0.1971
vn 0.5230 -0.0336 -0.8516
vn 0.3998 -0.9069 0.1330
vn -0.7350 -0.0790 -0.6735
vn 0.8228 -0.2563 0.5073
vn 0.8826 0.2977 0.3638
vn 0.2926 0.5550 0.7787
vn 0.1317 0.8093 0.5724
vn -0.0105 0.7956 0.6058
vn 0.7848 -0.5944 0.1753
vn 0.1234 0.6616 0.7396
vn -0.0097 0.4986 0.8668
vn 0.9541 0.2931 -0.0616
vn 0.8524 -0.5113 -0.1094
vn 0.9630 -0.1705 -0.2089
vn 0.6030 -0.4465 -0.6611
vn 0.5361 0.1884 -0.8229
vn -0.2250 0.9736 0.0388
vn 0.3761 0.8215 -0.4287
vn 0.0011 -0.2002 -0.9798
vn 0.4621 0.1604 -0.8722
vn 0.4565 0.2216 -0.8617
vn 0.7274 0.6671 -0.1608
vn 0.6880 0.0241 0.7253
vn 0.7657 -0.6274 0.1418
vn -0.3451 0.4469 -0.8253
vn -0.3809 0.7909 0.4789
vn 0.3878 -0.5046 0.7714
vn 0.3639 -0.7276 0.5816
vn -0.2882 0.4583 -0.8408
vn -0.2325 0.7028 0.6723
vn 0.3637 0.8389 0.4049
vn 0.7475 -0.6176 0.2446
vn -0.8887 -0.0410 -0.4566
vn 0.3277 0.8601 0.3910
vn 0.4096 0.5494 0.7282
vn 0.8559 -0.4166 -0.3063
vn -0.8165 -0.2724 -0.5091
vn -0.4543 0.7202 0.5243
vn 0.2989 0.7429 -0.5989
vn 0.3532 -0.0787 0.9323
vn 0.7071 -0.4426 -0.5515
vn -0.3410 0.2473 -0.9069
vn -0.6686 0.0993 0.7370
vn 0.1266 0.1415 0.9818
vn 0.7068 -0.0277 -0.7068
vn -0.5174 -0.0002 -0.8558
vn -0.5014 -0.0000 -0.8652
vn -0.7349 0.6425 -0.2169
vn -0.0145 -0.9891 0.1463
vn 0.8642 -0.3637 0.3477
vn 0.1911 0.9814 -0.0160
vn -0.6495 0.7301 -0.2122
vn 0.5675 -0.5390 0.6225
vn 0.8878 -0.2741 0.3697
vn -0.4515 0.6305 -0.6314
vn -0.7998 0.4296 -0.4193
vn 0.2057 0.9036 0.3757
vn 0.7829 0.6215 0.0275
vn -0.7933 -0.3763 -0.4786
vn 0.6290 0.1745 0.7576
vn 0.7722 0.4090 0.4863
vn 0.7726 0.4091 0.4855
vn -0.4402 0.6313 0.6385
vn -0.6144 0.6959 0.3717
vn -0.6207 0.6741 0.4004
vn -0.6102 0.2945 0.7355
vn 0.6495 -0.5772 -0.4950
vn 0.2377 0.0565 0.9697
vn 0.2016 0.0498 0.9782
vn 0.3033 -0.7317 0.6104
vn 0.8951 0.0251 -0.4452
vn -0.1119 0.7270 -0.6775
vn -0.7421 0.6702 -0.0093
vn -0.7783 0.0886 0.6217
vn -0.7576 0.0653 0.6495
vn -0.4657 -0.0106 -0.8849
vn -0.4228 -0.8849 0.1953
vn 0.4229 0.0300 0.9057
vn 0.3665 0.9209 -0.1324
vn -0.8228 -0.2563 0.5073
vn -0.8826 0.2977 0.3638
vn -0.3112 0.5495 0.7754
vn -0.1348 0.8090 0.5721
vn 0.0108 0.7955 0.6058
vn -0.7848 -0.5944 0.1753
vn -0.9518 0.2908 -0.0978
vn -0.8524 -0.5113 -0.1094
vn -0.9630 -0.1705 -0.2089
vn -0.5529 -0.3168 -0.7706
vn -0.5360 0.1884 -0.8229
vn 0.2907 0.9565 0.0265
vn -0.3761 0.8215 -0.4287
vn -0.0011 -0.2002 -0.9798
vn -0.4258 0.1756 -0.8876
vn -0.4234 0.2043 -0.8826
vn -0.1254 0.6551 -0.7451
vn -0.6880 0.0241 0.7253
vn -0.8882 -0.4273 0.1689
vn 0.2541 0.4919 -0.8327
vn 0.3809 0.7909 0.4789
vn -0.3878 -0.5046 0.7714
vn -0.3751 -0.6379 0.6726
vn 0.2107 0.4088 -0.8880
vn 0.2325 0.7028 0.6723
vn -0.3790 0.3995 0.8347
vn -0.7439 -0.6193 0.2512
vn 0.8195 -0.2037 -0.5356
vn -0.5350 0.7218 0.4391
vn 0.3552 0.7415 0.5692
vn -0.6881 -0.5527 -0.4701
vn 0.8164 -0.2723 -0.5093
vn -0.3136 0.6115 0.7265
vn -0.2989 0.7429 -0.5989
vn -0.3429 -0.0858 0.9354
vn -0.9847 -0.1735 0.0167
vn 0.4000 0.1849 -0.8976
vn 0.8899 0.3395 0.3046
vn -0.1134 0.1211 0.9861
vn -0.7180 -0.0271 -0.6955
vn 0.4917 -0.0019 -0.8708
vn 0.5295 -0.0051 -0.8483
vn -0.0301 -0.9900 0.1379
vn -0.8960 -0.2914 0.3350
vn -0.1911 0.9814 -0.0160
vn 0.6495 0.7301 -0.2122
vn -0.5426 -0.5376 0.6454
vn -0.8878 -0.2741 0.3697
vn 0.4515 0.6305 -0.6314
vn 0.7998 0.4296 -0.4193
vn -0.2644 0.8966 0.3553
vn -0.7785 0.6262 0.0429
vn 0.7794 -0.3670 -0.5077
vn -0.6202 0.1674 0.7664
vn -0.7724 0.4088 0.4861
vn 0.2848 0.7538 0.5921
vn 0.6245 0.7178 0.3080
vn 0.6523 0.6429 0.4015
vn 0.6178 0.2712 0.7381
vn -0.6747 -0.5599 -0.4810
vn -0.1416 0.0442 0.9889
vn -0.2134 0.0604 0.9751
vn -0.7364 -0.6540 0.1732
vn -0.7614 -0.6300 0.1528
vn 0.0771 0.8774 -0.4736
vn 0.9493 -0.0724 0.3060
vn 0.7845 0.1049 0.6112
vn 0.7945 0.0744 0.6028
vn 0.5579 0.0141 -0.8298
vn 0.4612 -0.8587 0.2232
vn -0.5111 0.0197 0.8593
vn -0.3924 0.9052 -0.1634
vn 0.8366 0.0737 0.5428
vn -0.8885 0.4020 -0.2214
vn -0.6828 -0.0320 -0.7299
vn -0.7244 0.0334 -0.6885
vn -0.7434 -0.2872 -0.6041
vn -0.6893 -0.0607 -0.7220
vn -0.7667 -0.2732 -0.5810
vn -0.8274 -0.2455 -0.5051
vn -0.2973 -0.6356 -0.7125
vn -0.8282 -0.2519 -0.5007
vn 0.6828 -0.0320 -0.7299
vn 0.8894 0.4008 -0.2198
vn 0.7244 0.0334 -0.6885
vn 0.7502 -0.2721 -0.6027
vn 0.6893 -0.0607 -0.7220
vn 0.2348 -0.6738 -0.7006
vn 0.7644 -0.2700 -0.5855
vn 0.8271 -0.2463 -0.5053
vn 0.8282 -0.2519 -0.5007
vn 0.3160 0.3189 0.8936
vn 0.6826 0.0363 0.7299
vn 0.6895 0.0650 0.7214
vn 0.7419 0.2885 0.6053
vn 0.7664 0.2717 0.5821
vn 0.8247 0.2490 0.5078
vn 0.8735 -0.4820 -0.0678
vn 0.8240 0.2581 0.5045
vn -0.6826 0.0363 0.7299
vn -0.3143 0.3177 0.8946
vn -0.6895 0.0650 0.7214
vn -0.7487 0.2734 0.6039
vn -0.8245 0.2496 0.5078
vn -0.7637 0.2696 0.5865
vn -0.9054 -0.4237 -0.0260
vn -0.8240 0.2581 0.5044
vn -0.1815 -0.9804 0.0774
vn 0.0721 -0.9973 0.0151
vn -0.1822 -0.9803 0.0762
vn 0.3743 -0.9273 0.0078
vn 0.0781 -0.9969 -0.0003
vn 0.4200 0.2026 -0.8846
vn 0.5703 0.2571 -0.7802
vn 0.5830 0.2616 -0.7692
vn 0.5749 -0.6999 -0.4240
vn -0.2644 -0.6644 -0.6990
vn 0.8942 -0.4454 -0.0446
vn -0.4403 0.6220 0.6474
vn -0.8914 0.3793 -0.2481
vn -0.4410 0.6224 0.6467
vn -0.3870 0.9101 0.1481
vn 0.0346 0.9974 0.0631
vn -0.3885 0.9084 0.1545
vn -0.4824 0.7388 0.4706
vn 0.2602 -0.6814 0.6841
vn -0.0466 -0.8267 0.5607
vn 0.2553 -0.6843 0.6830
vn -0.1214 0.7639 -0.6338
vn -0.3773 0.5909 -0.7131
vn -0.3787 0.5897 -0.7133
vn 0.0096 -0.7115 -0.7026
vn -0.1390 -0.9589 -0.2475
vn -0.1354 -0.9624 -0.2356
vn -0.5807 -0.7729 -0.2558
vn -0.5829 -0.7713 -0.2558
vn -0.4359 -0.8913 -0.1248
vn -0.4385 -0.8894 -0.1291
vn -0.2676 -0.9202 0.2857
vn -0.2505 -0.9234 0.2908
vn -0.1460 -0.4793 -0.8655
vn 0.7901 -0.5698 -0.2260
vn 0.7966 -0.5624 -0.2217
vn 0.6130 -0.4160 -0.6717
vn 0.6088 -0.4164 -0.6753
vn 0.4271 0.6923 0.5816
vn 0.3268 0.5942 0.7349
vn 0.4246 0.6936 0.5820
vn -0.0344 0.9224 0.3848
vn 0.3354 0.6034 0.7234
vn -0.0018 0.9936 -0.1130
vn -0.0286 0.9294 0.3679
vn 0.8387 -0.5148 -0.1776
vn 0.8550 0.4811 -0.1937
vn 0.8168 -0.5508 -0.1714
vn -0.7128 0.0370 0.7004
vn 0.8132 0.1294 -0.5674
vn -0.7686 -0.1723 0.6161
vn 0.5232 -0.1868 0.8315
vn 0.2427 -0.4872 0.8389
vn 0.2418 -0.4881 0.8386
vn -0.0088 -0.9879 0.1549
vn -0.0088 -0.9895 0.1445
vn 0.4285 0.6558 -0.6215
vn 0.4436 0.7763 -0.4478
vn 0.3323 0.7387 -0.5864
vn -0.0440 0.0873 -0.9952
vn -0.3240 0.0619 -0.9440
vn -0.4628 0.8554 -0.2327
vn 0.2315 -0.7159 -0.6587
vn 0.4300 -0.5229 -0.7360
vn 0.4341 -0.5180 -0.7370
vn -0.7927 0.5845 0.1735
vn -0.9513 0.2361 0.1983
vn -0.7686 0.6162 0.1721
vn 0.8894 -0.3847 -0.2470
vn 0.2312 -0.7606 0.6066
vn 0.8825 -0.4247 -0.2020
vn -0.8021 -0.5733 0.1671
vn -0.8289 -0.5300 0.1791
vn 0.1753 -0.9816 0.0758
vn -0.0694 -0.9975 0.0132
vn -0.0804 -0.9968 0.0023
vn -0.3733 -0.9276 0.0139
vn -0.3713 -0.9285 0.0109
vn -0.4093 0.2122 -0.8874
vn -0.5802 0.2473 -0.7760
vn -0.4088 0.2104 -0.8880
vn -0.5752 -0.7000 -0.4231
vn 0.2645 -0.6640 -0.6994
vn -0.5747 -0.7003 -0.4235
vn 0.4408 0.6252 0.6441
vn 0.8923 0.3782 -0.2465
vn -0.2848 0.3418 0.8956
vn 0.3869 0.9095 0.1520
vn -0.0354 0.9978 0.0559
vn -0.0453 0.9969 0.0643
vn -0.2543 -0.6808 0.6869
vn 0.0410 -0.8285 0.5585
vn 0.0424 -0.8289 0.5578
vn 0.4820 0.7389 0.4708
vn 0.3916 0.9069 0.1555
vn 0.1161 0.7630 -0.6359
vn 0.3820 0.5914 -0.7101
vn 0.1202 0.7612 -0.6373
vn 0.1400 -0.9620 -0.2346
vn 0.0042 -0.7018 -0.7123
vn 0.5810 -0.7721 -0.2574
vn 0.1351 -0.9645 -0.2267
vn 0.4358 -0.8915 -0.1238
vn 0.5846 -0.7694 -0.2575
vn 0.4379 -0.8898 -0.1286
vn 0.2771 -0.9202 0.2765
vn 0.1588 -0.4540 -0.8768
vn -0.7878 -0.5739 -0.2236
vn 0.1885 -0.4327 -0.8816
vn -0.6167 -0.4115 -0.6711
vn -0.7942 -0.5665 -0.2198
vn -0.4245 0.6951 0.5802
vn -0.3353 0.5953 0.7302
vn -0.3339 0.6106 0.7181
vn 0.0441 0.9221 0.3843
vn 0.0250 0.9262 0.3761
vn 0.0093 0.9938 -0.1111
vn 0.0158 0.9931 -0.1165
vn -0.8381 -0.5133 -0.1846
vn -0.8505 0.4923 -0.1850
vn -0.8219 0.5415 -0.1768
vn -0.0274 0.2041 0.9786
vn -0.2418 -0.4978 0.8329
vn -0.0548 0.1717 0.9836
vn 0.2605 -0.1546 0.9530
vn -0.7901 0.3738 -0.4858
vn -0.7298 0.1645 -0.6636
vn 0.2599 -0.9199 0.2937
vn -0.4384 0.8988 0.0036
vn -0.4750 0.8798 -0.0187
vn -0.4449 0.8709 -0.2086
vn -0.4619 0.5504 0.6954
vn -0.4383 0.8988 0.0037
vn 0.4533 -0.5530 -0.6991
vn 0.3420 -0.2042 -0.9172
vn 0.3420 -0.2042 -0.9173
vn 0.3367 -0.1906 -0.9221
vn 0.1104 0.2996 -0.9476
vn -0.2197 -0.7224 -0.6557
vn -0.4565 -0.4945 -0.7396
vn -0.2167 -0.7246 -0.6542
vn -0.8962 -0.3841 -0.2219
vn -0.2333 -0.7732 0.5896
vn -0.2592 -0.7755 0.5757
vn 0.7915 0.5892 0.1623
vn 0.9506 0.2352 0.2025
vn 0.9511 0.2331 0.2027
vn 0.7703 -0.6105 0.1839
vn 0.7731 0.6136 0.1608
vn 0.7250 -0.0263 0.6883
vn -0.7250 -0.0263 0.6883
vn 0.3761 -0.9265 0.0097
vn 0.4054 0.1973 -0.8926
vn 0.5751 -0.6997 -0.4239
vn 0.2865 0.3431 0.8945
vn 0.0384 0.9970 0.0665
vn -0.0417 -0.8259 0.5623
vn -0.1202 0.7645 -0.6333
vn -0.1986 -0.4393 -0.8761
vn -0.0145 0.9922 -0.1240
vn 0.8337 0.5190 -0.1884
vn 0.6559 -0.1366 -0.7423
vn 0.5250 -0.1843 0.8309
vn -0.4455 0.8892 -0.1038
vn -0.3108 0.0871 -0.9465
vn 0.2267 -0.7196 -0.6563
vn -0.9505 0.2393 0.1983
vn 0.2740 -0.7670 0.5802
vn 0.1812 -0.9810 0.0697
vn -0.5805 0.2490 -0.7753
vn -0.8945 -0.4449 -0.0448
vn 0.4375 0.6251 0.6464
vn -0.2551 -0.6803 0.6871
vn 0.4820 0.7390 0.4708
vn 0.3787 0.5938 -0.7099
vn -0.6078 -0.4122 -0.6787
vn -0.4256 0.6946 0.5800
vn -0.8096 -0.5594 -0.1781
vn -0.2493 -0.4903 0.8351
vn 0.1207 -0.4442 0.8878
vn -0.4590 -0.4915 -0.7401
vn -0.8904 -0.4099 -0.1977
vn 0.8182 -0.5407 0.1956
usemtl wire_027177148
s off
f 7/1/1 10/2/1 8/3/1
f 11/4/2 8/3/2 10/2/2
f 12/5/3 1/6/3 4/7/3
f 12/5/4 14/8/4 13/9/4
f 15/10/5 13/9/5 14/8/5
f 16/11/6 15/10/6 14/8/6
f 18/12/7 11/4/7 10/2/7
f 19/13/8 9/14/8 8/3/8
f 21/15/9 8/3/9 11/4/9
f 12/5/10 22/16/10 14/8/10
f 23/17/11 14/8/11 22/16/11
f 16/18/12 18/12/12 10/2/12
f 16/11/13 14/8/13 23/17/13
f 16/18/14 24/19/14 18/12/14
f 23/20/15 24/19/15 16/18/15
f 25/21/16 11/4/16 18/12/16
f 18/12/17 26/22/17 25/21/17
f 24/19/18 26/22/18 18/12/18
f 24/19/19 27/23/19 26/22/19
f 28/24/20 27/23/20 24/19/20
f 29/25/21 23/17/21 22/16/21
f 28/24/22 24/19/22 23/20/22
f 30/26/23 4/7/23 3/27/23
f 30/26/24 3/27/24 6/28/24
f 9/14/25 30/26/25 6/28/25
f 31/29/26 30/26/26 9/14/26
f 32/30/27 31/29/27 9/14/27
f 20/31/28 32/30/28 9/14/28
f 33/32/29 30/26/29 31/29/29
f 30/26/30 34/33/30 4/7/30
f 35/34/31 34/33/31 30/26/31
f 33/32/32 35/34/32 30/26/32
f 36/35/33 31/29/33 32/30/33
f 33/32/34 36/35/34 37/36/34
f 39/37/35 32/30/35 38/38/35
f 12/5/36 34/33/36 40/39/36
f 41/40/37 40/39/37 34/33/37
f 42/41/38 34/33/38 35/34/38
f 41/40/39 34/33/39 42/41/39
f 43/42/40 12/5/40 40/39/40
f 44/43/41 29/25/41 22/16/41
f 44/43/42 22/16/42 12/5/42
f 43/42/43 44/43/43 12/5/43
f 47/44/44 43/42/44 46/45/44
f 48/46/45 43/42/45 40/39/45
f 49/47/46 41/40/46 42/41/46
f 49/47/47 40/39/47 41/40/47
f 50/48/48 40/39/48 49/47/48
f 49/47/49 51/49/49 50/48/49
f 52/50/50 49/47/50 42/41/50
f 53/51/51 49/47/51 52/50/51
f 51/49/52 49/47/52 53/51/52
f 55/52/53 38/38/53 54/53/53
f 56/54/54 48/46/54 40/39/54
f 58/55/55 47/44/55 46/45/55
f 60/56/56 46/45/56 48/46/56
f 57/57/57 60/56/57 48/46/57
f 61/58/58 55/52/58 54/53/58
f 62/59/59 55/52/59 61/58/59
f 63/60/60 62/59/60 42/41/60
f 63/60/61 42/41/61 37/36/61
f 63/60/62 37/36/62 36/35/62
f 63/60/63 36/35/63 39/37/63
f 64/61/64 66/62/64 67/63/64
f 69/64/65 35/34/65 68/65/65
f 70/66/66 42/41/66 69/64/66
f 70/66/67 33/32/67 37/36/67
f 72/67/68 68/65/68 71/68/68
f 74/69/69 68/65/69 73/70/69
f 75/71/70 69/64/70 74/69/70
f 75/71/71 71/68/71 70/66/71
f 76/72/72 73/70/72 72/67/72
f 76/72/73 78/73/73 77/74/73
f 77/74/74 74/69/74 73/70/74
f 81/75/75 74/69/75 80/76/75
f 79/77/76 80/76/76 74/69/76
f 81/75/77 72/67/77 75/71/77
f 83/78/78 78/73/78 82/79/78
f 83/78/79 79/77/79 77/74/79
f 83/78/80 85/80/80 84/81/80
f 84/81/81 80/76/81 79/77/81
f 82/79/82 80/76/82 87/82/82
f 86/83/83 87/82/83 80/76/83
f 88/84/84 90/85/84 91/86/84
f 92/87/85 85/80/85 87/82/85
f 94/88/86 85/80/86 93/89/86
f 94/88/87 86/83/87 84/81/87
f 92/87/88 86/83/88 95/90/88
f 97/91/89 99/92/89 96/93/89
f 100/94/90 91/86/90 94/88/90
f 100/94/91 94/88/91 93/89/91
f 102/95/92 94/88/92 101/96/92
f 91/86/93 101/96/93 94/88/93
f 104/97/94 95/90/94 103/98/94
f 102/95/95 103/98/95 95/90/95
f 106/99/96 33/32/96 105/100/96
f 107/101/97 35/34/97 106/99/97
f 107/101/98 71/68/98 68/65/98
f 108/102/99 33/32/99 71/68/99
f 66/62/100 105/100/100 67/63/100
f 66/62/101 107/101/101 106/99/101
f 65/103/102 108/102/102 107/101/102
f 64/61/103 105/100/103 108/102/103
f 110/104/104 112/105/104 109/106/104
f 111/107/105 80/76/105 78/73/105
f 110/104/106 81/75/106 80/76/106
f 112/105/107 81/75/107 109/106/107
f 111/107/108 76/72/109 112/105/108
f 114/108/110 116/109/110 113/110/110
f 114/108/111 85/80/111 115/111/111
f 113/110/112 87/82/112 114/108/112
f 113/110/113 83/78/113 82/79/113
f 116/109/114 85/80/114 83/78/114
f 117/112/115 88/84/115 100/94/115
f 103/98/116 100/94/116 104/97/116
f 96/93/117 93/89/117 92/87/117
f 99/92/118 100/94/118 93/89/118
f 97/91/119 100/94/119 98/113/119
f 96/93/120 104/97/120 97/91/120
f 119/114/121 121/115/121 118/116/121
f 101/96/122 89/117/122 117/112/122
f 119/114/123 101/96/123 120/118/123
f 118/116/124 102/95/124 119/114/124
f 118/116/125 117/112/125 103/98/125
f 121/115/126 101/96/126 117/112/126
f 131/119/127 128/120/127 129/121/127
f 129/121/128 132/122/128 131/119/128
f 124/123/129 134/124/129 125/125/129
f 135/126/130 134/124/130 133/127/130
f 133/127/131 136/128/131 135/126/131
f 136/128/132 138/129/132 135/126/132
f 132/122/133 139/130/133 131/119/133
f 130/131/134 19/13/134 129/121/134
f 129/121/135 21/15/135 132/122/135
f 140/132/136 134/124/136 135/126/136
f 135/126/137 141/133/137 140/132/137
f 139/130/138 138/134/138 131/119/138
f 135/126/139 138/129/139 141/133/139
f 142/135/140 138/134/140 139/130/140
f 142/135/141 141/136/141 138/134/141
f 132/122/142 25/21/142 139/130/142
f 26/22/143 139/130/143 25/21/143
f 26/22/144 142/135/144 139/130/144
f 27/23/145 142/135/145 26/22/145
f 27/23/146 143/137/146 142/135/146
f 141/133/147 144/138/147 140/132/147
f 142/135/148 143/137/148 141/136/148
f 125/125/149 145/139/149 122/140/149
f 122/140/150 145/139/150 126/141/150
f 145/139/151 130/131/151 126/141/151
f 145/139/152 146/142/152 130/131/152
f 146/142/153 32/30/153 130/131/153
f 32/30/154 20/31/154 130/131/154
f 145/139/155 147/143/155 146/142/155
f 148/144/156 145/139/156 125/125/156
f 148/144/157 149/145/157 145/139/157
f 149/145/158 147/143/158 145/139/158
f 146/142/159 150/146/159 32/30/159
f 151/147/160 150/146/160 147/143/160
f 150/146/161 152/148/161 32/30/161
f 134/124/162 148/144/162 125/125/162
f 153/149/163 154/150/163 148/144/163
f 148/144/164 155/151/164 149/145/164
f 148/144/165 154/150/165 155/151/165
f 134/124/166 156/152/166 153/149/166
f 144/138/167 158/153/167 140/132/167
f 140/132/168 158/153/168 134/124/168
f 158/153/169 156/152/169 134/124/169
f 159/154/170 156/152/170 157/155/170
f 156/152/171 161/156/171 153/149/171
f 154/150/172 162/157/172 155/151/172
f 153/149/173 162/157/173 154/150/173
f 153/149/174 163/158/174 162/157/174
f 164/159/175 162/157/175 163/158/175
f 162/157/176 165/160/176 155/151/176
f 162/157/177 166/161/177 165/160/177
f 162/157/178 164/159/178 166/161/178
f 167/162/179 38/38/179 152/148/179
f 161/156/180 169/163/180 153/149/180
f 159/154/181 58/55/181 160/164/181
f 160/164/182 60/56/182 161/156/182
f 60/56/183 168/165/183 161/156/183
f 167/162/184 170/166/184 54/53/184
f 167/162/185 171/167/185 170/166/185
f 172/168/186 171/167/186 167/162/186
f 155/151/187 172/168/187 151/147/187
f 151/147/188 172/168/188 150/146/188
f 150/146/189 172/168/189 152/148/189
f 173/169/190 175/170/190 176/171/190
f 177/172/191 149/145/191 155/151/191
f 179/173/192 155/151/192 151/147/192
f 147/143/193 179/173/193 151/147/193
f 178/174/194 182/175/194 180/176/194
f 183/177/195 178/174/195 177/172/195
f 184/178/196 177/172/196 179/173/196
f 180/176/197 184/178/197 179/173/197
f 185/179/198 187/180/198 182/175/198
f 181/181/199 185/179/199 182/175/199
f 183/177/200 185/179/200 181/181/200
f 189/182/201 188/183/201 183/177/201
f 184/178/202 189/182/202 183/177/202
f 189/182/203 182/175/203 187/180/203
f 191/184/204 186/185/204 185/179/204
f 193/186/205 191/184/205 185/179/205
f 188/183/206 193/186/206 185/179/206
f 190/187/207 193/186/207 188/183/207
f 192/188/208 195/189/208 190/187/208
f 186/185/209 192/188/209 190/187/209
f 197/190/210 199/191/210 200/192/210
f 194/193/211 202/194/211 196/195/211
f 203/196/212 194/193/212 193/186/212
f 195/189/213 203/196/213 193/186/213
f 202/194/214 195/189/214 196/195/214
f 206/197/215 208/198/215 205/199/215
f 200/192/216 209/200/216 203/196/216
f 210/201/217 200/192/217 203/196/217
f 211/202/218 203/196/218 204/203/218
f 202/194/219 212/204/219 204/203/219
f 213/205/220 147/143/220 149/145/220
f 215/206/221 149/145/221 178/174/221
f 180/176/222 215/206/222 178/174/222
f 147/143/223 216/207/223 180/176/223
f 173/169/224 214/208/224 213/205/224
f 215/206/225 173/169/225 213/205/225
f 216/207/226 174/209/226 215/206/226
f 214/208/227 175/170/227 216/207/227
f 218/210/228 220/211/228 217/212/228
f 190/187/229 217/212/229 186/185/229
f 189/182/230 218/210/230 190/187/230
f 220/211/231 189/182/231 187/180/231
f 217/212/232 187/180/233 186/185/234
f 222/213/235 224/214/235 221/215/235
f 222/213/236 194/193/236 196/195/236
f 223/216/237 196/195/237 192/188/237
f 191/184/238 223/216/238 192/188/238
f 194/193/239 224/214/239 191/184/239
f 226/217/240 209/200/240 225/218/240
f 199/191/241 225/218/241 209/200/241
f 201/219/242 207/220/242 202/194/242
f 209/200/243 208/198/243 201/219/243
f 206/197/244 209/200/244 212/204/244
f 207/220/245 212/204/245 202/194/245
f 228/221/246 230/222/247 227/223/248
f 210/201/249 198/224/249 197/190/249
f 228/221/250 210/201/250 211/202/250
f 229/225/251 211/202/251 226/217/251
f 225/218/252 229/225/252 226/217/252
f 210/201/253 230/222/253 225/218/253
f 146/142/254 147/143/254 150/146/254
f 38/38/255 32/30/255 152/148/255
f 201/219/256 203/196/256 209/200/256
f 212/204/257 211/202/257 204/203/257
f 238/226/258 240/227/258 237/228/258
f 240/227/259 238/226/259 241/229/259
f 242/230/260 231/231/260 243/232/260
f 243/232/261 244/233/261 242/230/261
f 244/233/262 243/232/262 245/234/262
f 246/235/263 245/234/263 247/236/263
f 240/227/264 241/229/264 248/237/264
f 249/238/265 239/239/265 250/240/265
f 251/241/266 238/226/266 249/238/266
f 244/233/267 252/242/267 242/230/267
f 252/242/268 244/233/268 253/243/268
f 240/227/269 248/237/269 246/244/269
f 253/243/270 244/233/270 246/235/270
f 248/237/271 254/245/271 246/244/271
f 246/244/272 254/245/272 253/246/272
f 255/247/273 241/229/273 251/241/273
f 255/247/274 256/248/274 248/237/274
f 248/237/275 256/248/275 254/245/275
f 256/248/276 257/249/276 254/245/276
f 254/245/277 257/249/277 258/250/277
f 259/251/278 253/243/278 258/252/278
f 253/246/279 254/245/279 258/250/279
f 233/253/280 232/254/280 260/255/280
f 236/256/281 233/253/281 260/255/281
f 236/256/282 260/255/282 239/239/282
f 239/239/283 260/255/283 261/257/283
f 239/239/284 261/257/284 262/258/284
f 239/239/285 262/258/285 250/240/285
f 261/257/286 260/255/286 263/259/286
f 232/254/287 264/260/287 260/255/287
f 260/255/288 264/260/288 265/261/288
f 260/255/289 265/261/289 263/259/289
f 262/258/290 261/257/290 266/262/290
f 266/262/291 263/259/291 267/263/291
f 262/258/292 269/264/292 268/265/292
f 264/260/293 242/230/293 270/266/293
f 264/260/294 270/266/294 271/267/294
f 265/261/295 264/260/295 272/268/295
f 272/268/296 264/260/296 271/267/296
f 270/266/297 242/230/297 273/269/297
f 274/270/298 259/251/298 275/271/298
f 242/230/299 252/242/299 274/270/299
f 273/269/300 274/270/300 275/271/300
f 273/269/301 277/272/301 276/273/301
f 278/274/302 273/269/302 276/273/302
f 272/268/303 271/267/303 279/275/303
f 271/267/304 270/266/304 279/275/304
f 279/275/305 270/266/305 280/276/305
f 280/276/306 281/277/306 279/275/306
f 272/268/307 279/275/307 282/278/307
f 282/278/308 279/275/308 283/279/308
f 283/279/309 279/275/309 281/277/309
f 268/265/310 285/280/310 284/281/310
f 286/282/311 278/274/311 287/283/311
f 288/284/312 277/272/312 289/285/312
f 290/286/313 276/273/313 288/284/313
f 287/283/314 290/286/314 284/281/314
f 284/281/315 285/280/315 291/287/315
f 291/287/316 285/280/316 292/288/316
f 292/288/317 293/289/317 272/268/317
f 267/263/318 272/268/318 293/289/318
f 266/262/319 267/263/319 293/289/319
f 269/264/320 266/262/320 293/289/320
f 294/290/321 296/291/321 297/292/321
f 265/261/322 299/293/322 298/294/322
f 272/268/323 300/295/323 299/293/323
f 300/295/324 263/259/324 301/296/324
f 302/297/325 298/294/325 303/298/325
f 298/294/326 304/299/326 303/298/326
f 299/293/327 305/300/327 304/299/327
f 305/300/328 301/296/328 302/297/328
f 306/301/329 303/298/329 307/302/329
f 307/302/330 308/303/330 306/301/330
f 307/302/331 304/299/331 309/304/331
f 304/299/332 311/305/332 310/306/332
f 304/299/333 310/306/333 309/304/333
f 302/297/334 311/305/334 305/300/334
f 308/303/335 313/307/335 312/308/335
f 313/307/336 309/304/336 314/309/336
f 314/309/337 315/310/337 313/307/337
f 314/309/338 310/306/338 316/311/338
f 310/306/339 312/308/339 317/312/339
f 310/306/340 317/312/340 316/311/340
f 318/313/341 320/314/341 321/315/341
f 322/316/342 315/310/342 323/317/342
f 315/310/343 324/318/343 323/317/343
f 324/318/344 316/311/344 325/319/344
f 316/311/345 322/316/345 325/319/345
f 327/320/346 329/321/346 326/322/346
f 330/323/347 319/324/347 318/313/347
f 323/317/348 324/318/348 330/323/348
f 324/318/349 332/325/349 331/326/349
f 319/324/350 331/326/350 320/314/350
f 325/319/351 334/327/351 333/328/351
f 325/319/352 333/328/352 332/325/352
f 263/259/353 336/329/353 335/330/353
f 265/261/354 337/331/354 336/329/354
f 337/331/355 301/296/355 338/332/355
f 338/332/356 263/259/356 335/330/356
f 335/330/357 296/291/357 295/333/357
f 296/291/358 337/331/358 297/292/358
f 297/292/359 338/332/359 294/290/359
f 294/290/360 335/330/360 295/333/360
f 340/334/361 342/335/361 339/336/361
f 341/337/362 310/306/362 342/335/362
f 342/335/363 311/305/363 339/336/363
f 311/305/364 340/334/364 339/336/364
f 306/301/365 341/337/366 340/334/366
f 344/338/367 346/339/367 343/340/367
f 315/310/368 346/339/368 345/341/368
f 317/312/369 343/340/369 346/339/369
f 343/340/370 313/307/370 344/338/370
f 344/338/371 315/310/371 345/341/371
f 347/342/372 318/313/372 321/315/372
f 330/323/373 333/328/373 334/327/373
f 326/322/374 323/317/374 327/320/374
f 327/320/375 330/323/375 328/343/375
f 330/323/376 329/321/376 328/343/376
f 334/327/377 326/322/377 329/321/377
f 349/344/378 351/345/378 348/346/378
f 321/315/379 331/326/379 347/342/379
f 331/326/380 351/345/380 350/347/380
f 332/325/381 348/346/381 351/345/381
f 348/346/382 347/342/382 349/344/382
f 349/344/383 331/326/383 350/347/383
f 358/348/384 359/349/384 361/350/384
f 361/350/385 362/351/385 358/348/385
f 354/352/386 363/353/386 364/354/386
f 364/354/387 363/353/387 365/355/387
f 365/355/388 366/356/388 364/354/388
f 366/356/389 367/357/389 368/358/389
f 361/350/390 369/359/390 362/351/390
f 360/360/391 249/238/391 250/240/391
f 358/348/392 251/241/392 249/238/392
f 365/355/393 363/353/393 370/361/393
f 370/361/394 371/362/394 365/355/394
f 361/350/395 367/363/395 369/359/395
f 371/362/396 367/357/396 365/355/396
f 369/359/397 367/363/397 372/364/397
f 367/363/398 371/365/398 372/364/398
f 362/351/399 255/247/399 251/241/399
f 255/247/400 369/359/400 256/248/400
f 369/359/401 372/364/401 256/248/401
f 256/248/402 372/364/402 257/249/402
f 372/364/403 373/366/403 257/249/403
f 371/362/404 374/367/404 373/368/404
f 371/365/405 373/366/405 372/364/405
f 352/369/406 375/370/406 353/371/406
f 357/372/407 375/370/407 352/369/407
f 357/372/408 360/360/408 375/370/408
f 360/360/409 376/373/409 375/370/409
f 360/360/410 262/258/410 376/373/410
f 360/360/411 250/240/411 262/258/411
f 376/373/412 377/374/412 375/370/412
f 353/371/413 375/370/413 378/375/413
f 375/370/414 379/376/414 378/375/414
f 375/370/415 377/374/415 379/376/415
f 262/258/416 380/377/416 376/373/416
f 377/374/417 380/377/417 381/378/417
f 262/258/418 382/379/418 380/377/418
f 378/375/419 363/353/419 353/371/419
f 378/375/420 384/380/420 383/381/420
f 379/376/421 385/382/421 378/375/421
f 385/382/422 384/380/422 378/375/422
f 383/381/423 386/383/423 363/353/423
f 374/367/424 387/384/424 388/385/424
f 363/353/425 387/384/425 370/361/425
f 387/384/426 386/383/426 388/385/426
f 386/383/427 390/386/427 388/385/427
f 386/383/428 391/387/428 389/388/428
f 385/382/429 392/389/429 384/380/429
f 384/380/430 392/389/430 383/381/430
f 392/389/431 393/390/431 383/381/431
f 393/390/432 392/389/432 394/391/432
f 385/382/433 395/392/433 392/389/433
f 395/392/434 396/393/434 392/389/434
f 396/393/435 394/391/435 392/389/435
f 268/265/436 397/394/436 382/379/436
f 391/387/437 398/395/437 399/396/437
f 390/386/438 288/284/438 289/285/438
f 389/388/439 290/286/439 288/284/439
f 290/286/440 399/396/440 284/281/440
f 284/281/441 400/397/441 397/394/441
f 400/397/442 401/398/442 397/394/442
f 401/398/443 402/399/443 397/394/443
f 381/378/444 402/399/444 385/382/444
f 380/377/445 402/399/445 381/378/445
f 382/379/446 402/399/446 380/377/446
f 403/400/447 405/401/447 406/402/447
f 379/376/448 408/403/448 385/382/448
f 385/382/449 409/404/449 381/378/449
f 377/374/450 409/404/450 410/405/450
f 407/406/451 411/407/451 412/408/451
f 407/406/452 413/409/452 408/403/452
f 408/403/453 414/410/453 409/404/453
f 410/405/454 414/410/454 411/407/454
f 415/411/455 417/412/455 411/407/455
f 411/407/456 417/412/456 412/408/456
f 413/409/457 417/412/457 418/413/457
f 419/414/458 418/413/458 420/415/458
f 413/409/459 419/414/459 414/410/459
f 411/407/460 419/414/460 415/411/460
f 416/416/461 422/417/461 417/412/461
f 422/417/462 424/418/462 417/412/462
f 417/412/463 424/418/463 418/413/463
f 420/415/464 424/418/464 425/419/464
f 421/420/465 425/419/465 426/421/465
f 420/415/466 421/420/466 416/416/466
f 427/422/467 429/423/467 430/424/467
f 423/425/468 431/426/468 432/427/468
f 423/425/469 433/428/469 424/418/469
f 425/419/470 433/428/470 434/429/470
f 425/419/471 431/426/471 426/421/471
f 436/430/472 438/431/472 435/432/472
f 428/433/473 439/434/473 429/423/473
f 440/435/474 428/433/474 427/422/474
f 433/428/475 441/436/475 434/429/475
f 434/429/476 442/437/476 431/426/476
f 377/374/477 444/438/477 379/376/477
f 379/376/478 445/439/478 407/406/478
f 410/405/479 445/439/479 446/440/479
f 377/374/480 446/440/480 443/441/480
f 443/441/481 403/400/481 444/438/481
f 445/439/482 403/400/482 406/402/482
f 446/440/483 406/402/483 405/401/483
f 443/441/484 405/401/484 404/442/484
f 448/443/485 450/444/485 447/445/485
f 420/415/486 447/445/486 450/444/486
f 419/414/487 450/444/487 449/446/487
f 419/414/488 448/443/488 415/411/488
f 415/411/489 447/445/489 416/416/489
f 452/447/490 454/448/490 451/449/490
f 423/425/491 454/448/491 426/421/491
f 426/421/492 453/450/492 421/420/492
f 422/417/493 453/450/493 452/447/493
f 423/425/494 452/447/494 451/449/494
f 439/434/495 456/451/495 455/452/495
f 429/423/496 455/452/496 430/424/496
f 432/427/497 437/453/497 436/430/497
f 439/434/498 436/430/498 435/432/498
f 439/434/499 438/431/499 442/437/499
f 442/437/500 437/453/500 431/426/500
f 458/454/501 460/455/501 457/456/501
f 430/424/502 440/435/502 427/422/502
f 440/435/503 460/455/503 441/436/503
f 441/436/504 459/457/504 456/451/504
f 455/452/505 459/457/505 458/454/505
f 440/435/506 458/454/506 457/456/506
f 380/377/507 377/374/507 376/373/507
f 382/379/508 262/258/508 268/265/508
f 439/434/509 433/428/509 432/427/509
f 442/437/510 441/436/510 456/451/510
f 12/5/511 13/9/511 1/6/511
f 16/11/512 17/458/512 15/10/512
f 19/13/513 20/31/513 9/14/513
f 21/15/514 19/13/514 8/3/514
f 25/21/515 21/15/515 11/4/515
f 29/25/516 28/459/516 23/17/516
f 33/32/517 31/29/517 36/35/517
f 39/37/518 36/35/518 32/30/518
f 12/5/519 4/7/519 34/33/519
f 44/43/520 45/460/520 29/25/520
f 43/42/521 45/460/521 44/43/521
f 47/44/522 45/460/522 43/42/522
f 48/46/523 46/45/523 43/42/523
f 55/52/524 39/37/524 38/38/524
f 56/54/525 57/57/525 48/46/525
f 58/55/526 59/461/526 47/44/526
f 60/56/527 58/55/527 46/45/527
f 57/57/528 54/53/528 60/56/528
f 63/60/529 55/52/529 62/59/529
f 64/61/530 65/103/530 66/62/530
f 69/64/531 42/41/531 35/34/531
f 70/66/532 37/36/532 42/41/532
f 70/66/533 71/68/533 33/32/533
f 72/67/534 73/70/534 68/65/534
f 74/69/535 69/64/535 68/65/535
f 75/71/536 70/66/536 69/64/536
f 75/71/537 72/67/537 71/68/537
f 76/72/538 77/74/538 73/70/538
f 77/74/539 79/77/539 74/69/539
f 81/75/540 75/71/540 74/69/540
f 81/75/541 76/72/541 72/67/541
f 83/78/542 77/74/542 78/73/542
f 83/78/543 84/81/543 79/77/543
f 84/81/544 86/83/544 80/76/544
f 82/79/545 78/73/545 80/76/545
f 88/84/546 89/117/546 90/85/546
f 92/87/547 93/89/547 85/80/547
f 94/88/548 84/81/548 85/80/548
f 94/88/549 95/90/549 86/83/549
f 92/87/550 87/82/550 86/83/550
f 97/91/551 98/113/551 99/92/551
f 100/94/552 88/84/552 91/86/552
f 102/95/553 95/90/553 94/88/553
f 91/86/554 90/85/554 101/96/554
f 104/97/555 92/87/555 95/90/555
f 106/99/556 35/34/556 33/32/556
f 107/101/557 68/65/557 35/34/557
f 107/101/558 108/102/558 71/68/558
f 108/102/559 105/100/559 33/32/559
f 66/62/560 106/99/560 105/100/560
f 66/62/561 65/103/561 107/101/561
f 65/103/562 64/61/562 108/102/562
f 64/61/563 67/63/563 105/100/563
f 110/104/564 111/107/564 112/105/564
f 111/107/565 110/104/565 80/76/565
f 110/104/566 109/106/566 81/75/566
f 112/105/567 76/72/567 81/75/567
f 111/107/568 78/73/569 76/72/569
f 114/108/570 115/111/570 116/109/570
f 114/108/571 87/82/571 85/80/571
f 113/110/572 82/79/572 87/82/572
f 113/110/573 116/109/573 83/78/573
f 116/109/574 115/111/574 85/80/574
f 117/112/575 89/117/575 88/84/575
f 103/98/576 117/112/576 100/94/576
f 96/93/577 99/92/577 93/89/577
f 99/92/578 98/113/578 100/94/578
f 97/91/579 104/97/579 100/94/579
f 96/93/580 92/87/580 104/97/580
f 119/114/581 120/118/581 121/115/581
f 101/96/582 90/85/582 89/117/582
f 119/114/583 102/95/583 101/96/583
f 118/116/584 103/98/584 102/95/584
f 118/116/585 121/115/585 117/112/585
f 121/115/586 120/118/586 101/96/586
f 124/123/587 133/127/587 134/124/587
f 136/128/588 137/462/588 138/129/588
f 130/131/589 20/31/589 19/13/589
f 129/121/590 19/13/590 21/15/590
f 132/122/591 21/15/591 25/21/591
f 141/133/592 143/463/592 144/138/592
f 134/124/593 153/149/593 148/144/593
f 144/138/594 157/155/594 158/153/594
f 158/153/595 157/155/595 156/152/595
f 159/154/596 160/164/596 156/152/596
f 156/152/597 160/164/597 161/156/597
f 167/162/598 54/53/598 38/38/598
f 161/156/599 168/165/599 169/163/599
f 159/154/600 59/461/600 58/55/600
f 160/164/601 58/55/601 60/56/601
f 60/56/602 54/53/602 168/165/602
f 172/168/603 155/151/603 171/167/603
f 173/169/604 174/209/604 175/170/604
f 177/172/605 178/174/605 149/145/605
f 179/173/606 177/172/606 155/151/606
f 147/143/607 180/176/607 179/173/607
f 178/174/608 181/181/608 182/175/608
f 183/177/609 181/181/609 178/174/609
f 184/178/610 183/177/610 177/172/610
f 180/176/611 182/175/611 184/178/611
f 185/179/612 186/185/612 187/180/612
f 183/177/613 188/183/613 185/179/613
f 189/182/614 190/187/614 188/183/614
f 189/182/615 184/178/615 182/175/615
f 191/184/616 192/188/616 186/185/616
f 193/186/617 194/193/617 191/184/617
f 190/187/618 195/189/618 193/186/618
f 192/188/619 196/195/619 195/189/619
f 197/190/620 198/224/620 199/191/620
f 194/193/621 201/219/621 202/194/621
f 203/196/622 201/219/622 194/193/622
f 195/189/623 204/203/623 203/196/623
f 202/194/624 204/203/624 195/189/624
f 206/197/625 207/220/625 208/198/625
f 200/192/626 199/191/626 209/200/626
f 210/201/627 197/190/627 200/192/627
f 211/202/628 210/201/628 203/196/628
f 213/205/629 214/208/629 147/143/629
f 215/206/630 213/205/630 149/145/630
f 180/176/631 216/207/631 215/206/631
f 147/143/632 214/208/632 216/207/632
f 173/169/633 176/171/633 214/208/633
f 215/206/634 174/209/634 173/169/634
f 216/207/635 175/170/635 174/209/635
f 214/208/636 176/171/636 175/170/636
f 218/210/637 219/464/637 220/211/637
f 190/187/638 218/210/638 217/212/638
f 189/182/639 219/464/639 218/210/639
f 220/211/640 219/464/640 189/182/640
f 217/212/641 220/211/642 187/180/643
f 222/213/644 223/216/644 224/214/644
f 222/213/645 221/215/645 194/193/645
f 223/216/646 222/213/646 196/195/646
f 191/184/647 224/214/647 223/216/647
f 194/193/648 221/215/648 224/214/648
f 226/217/649 212/204/649 209/200/649
f 199/191/650 198/224/650 225/218/650
f 201/219/651 208/198/651 207/220/651
f 209/200/652 205/199/652 208/198/652
f 206/197/653 205/199/653 209/200/653
f 207/220/654 206/197/654 212/204/654
f 228/221/655 229/225/655 230/222/656
f 210/201/657 225/218/657 198/224/657
f 228/221/658 227/223/658 210/201/658
f 229/225/659 228/221/659 211/202/659
f 225/218/660 230/222/660 229/225/660
f 210/201/661 227/223/661 230/222/661
f 212/204/662 226/217/662 211/202/662
f 242/230/663 232/254/663 231/231/663
f 246/235/664 244/233/664 245/234/664
f 249/238/665 238/226/665 239/239/665
f 251/241/666 241/229/666 238/226/666
f 255/247/667 248/237/667 241/229/667
f 259/251/668 252/242/668 253/243/668
f 266/262/669 261/257/669 263/259/669
f 262/258/670 266/262/670 269/264/670
f 264/260/671 232/254/671 242/230/671
f 274/270/672 252/242/672 259/251/672
f 273/269/673 242/230/673 274/270/673
f 273/269/674 275/271/674 277/272/674
f 278/274/675 270/266/675 273/269/675
f 268/265/676 269/264/676 285/280/676
f 286/282/677 270/266/677 278/274/677
f 288/284/678 276/273/678 277/272/678
f 290/286/679 278/274/679 276/273/679
f 287/283/680 278/274/680 290/286/680
f 292/288/681 285/280/681 293/289/681
f 294/290/682 295/333/682 296/291/682
f 265/261/683 272/268/683 299/293/683
f 272/268/684 267/263/684 300/295/684
f 300/295/685 267/263/685 263/259/685
f 302/297/686 301/296/686 298/294/686
f 298/294/687 299/293/687 304/299/687
f 299/293/688 300/295/688 305/300/688
f 305/300/689 300/295/689 301/296/689
f 306/301/690 302/297/690 303/298/690
f 307/302/691 303/298/691 304/299/691
f 304/299/692 305/300/692 311/305/692
f 302/297/693 306/301/693 311/305/693
f 308/303/694 307/302/694 313/307/694
f 313/307/695 307/302/695 309/304/695
f 314/309/696 309/304/696 310/306/696
f 310/306/697 308/303/697 312/308/697
f 318/313/698 319/324/698 320/314/698
f 322/316/699 317/312/699 315/310/699
f 315/310/700 314/309/700 324/318/700
f 324/318/701 314/309/701 316/311/701
f 316/311/702 317/312/702 322/316/702
f 327/320/703 328/343/703 329/321/703
f 330/323/704 324/318/704 319/324/704
f 324/318/705 325/319/705 332/325/705
f 319/324/706 324/318/706 331/326/706
f 325/319/707 322/316/707 334/327/707
f 263/259/708 265/261/708 336/329/708
f 265/261/709 298/294/709 337/331/709
f 337/331/710 298/294/710 301/296/710
f 338/332/711 301/296/711 263/259/711
f 335/330/712 336/329/712 296/291/712
f 296/291/713 336/329/713 337/331/713
f 297/292/714 337/331/714 338/332/714
f 294/290/715 338/332/715 335/330/715
f 340/334/716 341/337/716 342/335/716
f 341/337/717 308/303/717 310/306/717
f 342/335/718 310/306/718 311/305/718
f 311/305/719 306/301/719 340/334/719
f 306/301/720 308/303/720 341/337/721
f 344/338/722 345/341/722 346/339/722
f 315/310/723 317/312/723 346/339/723
f 317/312/724 312/308/724 343/340/724
f 343/340/725 312/308/725 313/307/725
f 344/338/726 313/307/726 315/310/726
f 347/342/727 330/323/727 318/313/727
f 330/323/728 347/342/728 333/328/728
f 326/322/729 322/316/729 323/317/729
f 327/320/730 323/317/730 330/323/730
f 330/323/731 334/327/731 329/321/731
f 334/327/732 322/316/732 326/322/732
f 349/344/733 350/347/733 351/345/733
f 321/315/734 320/314/734 331/326/734
f 331/326/735 332/325/735 351/345/735
f 332/325/736 333/328/736 348/346/736
f 348/346/737 333/328/737 347/342/737
f 349/344/738 347/342/738 331/326/738
f 354/352/739 353/371/739 363/353/739
f 366/356/740 365/355/740 367/357/740
f 360/360/741 358/348/741 249/238/741
f 358/348/742 362/351/742 251/241/742
f 362/351/743 369/359/743 255/247/743
f 371/362/744 370/361/744 374/367/744
f 378/375/745 383/381/745 363/353/745
f 374/367/746 370/361/746 387/384/746
f 387/384/747 363/353/747 386/383/747
f 386/383/748 389/388/748 390/386/748
f 386/383/749 383/381/749 391/387/749
f 268/265/750 284/281/750 397/394/750
f 391/387/751 383/381/751 398/395/751
f 390/386/752 389/388/752 288/284/752
f 389/388/753 391/387/753 290/286/753
f 290/286/754 391/387/754 399/396/754
f 401/398/755 385/382/755 402/399/755
f 403/400/756 404/442/756 405/401/756
f 379/376/757 407/406/757 408/403/757
f 385/382/758 408/403/758 409/404/758
f 377/374/759 381/378/759 409/404/759
f 407/406/760 410/405/760 411/407/760
f 407/406/761 412/408/761 413/409/761
f 408/403/762 413/409/762 414/410/762
f 410/405/763 409/404/763 414/410/763
f 415/411/764 416/416/764 417/412/764
f 413/409/765 412/408/765 417/412/765
f 419/414/766 413/409/766 418/413/766
f 411/407/767 414/410/767 419/414/767
f 416/416/768 421/420/768 422/417/768
f 422/417/769 423/425/769 424/418/769
f 420/415/770 418/413/770 424/418/770
f 421/420/771 420/415/771 425/419/771
f 427/422/772 428/433/772 429/423/772
f 423/425/773 426/421/773 431/426/773
f 423/425/774 432/427/774 433/428/774
f 425/419/775 424/418/775 433/428/775
f 425/419/776 434/429/776 431/426/776
f 436/430/777 437/453/777 438/431/777
f 428/433/778 433/428/778 439/434/778
f 440/435/779 433/428/779 428/433/779
f 433/428/780 440/435/780 441/436/780
f 377/374/781 443/441/781 444/438/781
f 379/376/782 444/438/782 445/439/782
f 410/405/783 407/406/783 445/439/783
f 377/374/784 410/405/784 446/440/784
f 443/441/785 404/442/785 403/400/785
f 445/439/786 444/438/786 403/400/786
f 446/440/787 445/439/787 406/402/787
f 443/441/788 446/440/788 405/401/788
f 448/443/789 449/446/789 450/444/789
f 420/415/790 416/416/790 447/445/790
f 419/414/791 420/415/791 450/444/791
f 419/414/792 449/446/792 448/443/792
f 415/411/793 448/443/793 447/445/793
f 452/447/794 453/450/794 454/448/794
f 423/425/795 451/449/795 454/448/795
f 426/421/796 454/448/796 453/450/796
f 422/417/797 421/420/797 453/450/797
f 423/425/798 422/417/798 452/447/798
f 439/434/799 442/437/799 456/451/799
f 429/423/800 439/434/800 455/452/800
f 432/427/801 431/426/801 437/453/801
f 439/434/802 432/427/802 436/430/802
f 439/434/803 435/432/803 438/431/803
f 442/437/804 438/431/804 437/453/804
f 458/454/805 459/457/805 460/455/805
f 430/424/806 455/452/806 440/435/806
f 440/435/807 457/456/807 460/455/807
f 441/436/808 460/455/808 459/457/808
f 455/452/809 456/451/809 459/457/809
f 440/435/810 455/452/810 458/454/810
f 442/437/811 434/429/811 441/436/811
s 1
f 1/6/812 3/27/813 4/7/814
f 6/28/815 2/465/816 5/466/817
f 8/3/818 5/466/817 7/1/819
f 6/28/815 8/3/818 9/14/820
f 122/140/821 124/123/822 125/125/823
f 126/141/824 123/467/825 122/140/821
f 128/120/826 127/468/827 129/121/828
f 129/121/828 126/141/824 130/131/829
f 126/141/824 129/121/828 127/468/827
f 231/231/830 233/253/831 234/469/832
f 234/469/832 236/256/833 235/470/834
f 235/470/834 238/226/835 237/228/836
f 239/239/837 238/226/835 236/256/833
f 352/369/838 354/352/839 355/471/840
f 355/471/840 357/372/841 352/369/838
f 358/348/842 356/472/843 359/349/844
f 360/360/845 357/372/841 358/348/842
f 356/472/843 358/348/842 357/372/841
f 231/231/846 2/465/847 1/6/848
f 235/470/849 2/465/847 234/469/850
f 237/228/851 5/466/852 235/470/853
f 240/227/854 7/1/855 237/228/856
f 243/232/857 1/6/858 13/9/859
f 245/234/860 13/9/861 15/10/862
f 245/234/860 17/458/863 247/236/863
f 246/235/864 17/458/865 16/11/866
f 246/244/867 10/2/868 240/227/869
f 257/249/870 28/24/871 258/250/872
f 259/251/873 28/459/871 29/25/874
f 259/251/873 45/460/875 275/271/876
f 275/271/876 47/44/877 277/272/878
f 270/266/879 50/48/880 280/276/881
f 281/277/882 50/48/880 51/49/883
f 272/268/884 52/50/885 42/41/886
f 283/279/887 52/50/885 282/278/888
f 281/277/889 53/51/890 283/279/887
f 285/280/891 39/37/892 55/52/893
f 286/282/894 57/57/895 56/54/896
f 286/282/897 40/39/898 270/266/899
f 289/285/900 47/44/877 59/461/901
f 284/281/902 57/57/903 287/283/904
f 284/281/905 61/58/906 54/53/907
f 292/288/908 61/58/909 291/287/910
f 293/289/911 55/52/912 63/60/913
f 292/288/914 42/41/915 62/59/916
f 293/289/911 39/37/917 269/264/918
f 354/352/919 123/467/920 355/471/921
f 356/472/922 123/467/920 127/468/923
f 359/349/924 127/468/925 128/120/926
f 361/350/927 128/120/928 131/119/929
f 364/354/930 124/123/931 354/352/932
f 366/356/933 133/127/934 364/354/935
f 367/357/936 137/462/937 368/358/938
f 366/356/933 137/462/939 136/128/940
f 367/363/941 131/119/942 138/134/943
f 257/249/870 143/137/944 27/23/945
f 374/367/946 143/463/944 373/368/947
f 374/367/946 157/155/948 144/138/949
f 388/385/950 159/154/951 157/155/948
f 383/381/952 163/158/953 153/149/954
f 394/391/955 163/158/953 393/390/956
f 385/382/957 165/160/958 395/392/959
f 396/393/960 165/160/958 166/161/961
f 394/391/962 166/161/961 164/159/963
f 397/394/964 152/148/965 382/379/966
f 398/395/967 153/149/968 169/163/969
f 398/395/970 168/165/971 399/396/972
f 289/285/900 159/154/951 390/386/973
f 399/396/974 168/165/975 54/53/976
f 54/53/977 284/281/977 399/396/978
f 284/281/979 54/53/979 170/166/980
f 170/166/981 400/397/982 284/281/983
f 401/398/984 170/166/985 171/167/986
f 401/398/987 155/151/988 385/382/989
f 402/399/990 167/162/991 397/394/992
f 402/399/990 152/148/993 172/168/994
f 1/6/812 2/465/816 3/27/813
f 6/28/815 3/27/813 2/465/816
f 8/3/818 6/28/815 5/466/817
f 122/140/821 123/467/825 124/123/822
f 126/141/824 127/468/827 123/467/825
f 231/231/830 232/254/995 233/253/831
f 234/469/832 233/253/831 236/256/833
f 235/470/834 236/256/833 238/226/835
f 352/369/838 353/371/996 354/352/839
f 355/471/840 356/472/843 357/372/841
f 231/231/846 234/469/850 2/465/847
f 235/470/849 5/466/997 2/465/847
f 237/228/851 7/1/998 5/466/852
f 240/227/854 10/2/999 7/1/855
f 243/232/857 231/231/1000 1/6/858
f 245/234/860 243/232/1001 13/9/861
f 245/234/860 15/10/862 17/458/863
f 246/235/864 247/236/1002 17/458/865
f 246/244/867 16/18/1003 10/2/868
f 257/249/870 27/23/945 28/24/871
f 259/251/873 258/252/872 28/459/871
f 259/251/873 29/25/874 45/460/875
f 275/271/876 45/460/875 47/44/877
f 270/266/879 40/39/1004 50/48/880
f 281/277/882 280/276/881 50/48/880
f 272/268/884 282/278/888 52/50/885
f 283/279/887 53/51/890 52/50/885
f 281/277/889 51/49/1005 53/51/890
f 285/280/891 269/264/1006 39/37/892
f 286/282/894 287/283/1007 57/57/895
f 286/282/897 56/54/1008 40/39/898
f 289/285/900 277/272/878 47/44/877
f 284/281/902 54/53/1009 57/57/903
f 284/281/905 291/287/1010 61/58/906
f 292/288/908 62/59/1011 61/58/909
f 293/289/911 285/280/1012 55/52/912
f 292/288/914 272/268/1013 42/41/915
f 293/289/911 63/60/913 39/37/917
f 354/352/919 124/123/1014 123/467/920
f 356/472/922 355/471/921 123/467/920
f 359/349/924 356/472/1015 127/468/925
f 361/350/927 359/349/1016 128/120/928
f 364/354/930 133/127/1017 124/123/931
f 366/356/933 136/128/940 133/127/934
f 367/357/936 138/129/1018 137/462/937
f 366/356/933 368/358/1019 137/462/939
f 367/363/941 361/350/1020 131/119/942
f 257/249/870 373/366/947 143/137/944
f 374/367/946 144/138/949 143/463/944
f 374/367/946 388/385/950 157/155/948
f 388/385/950 390/386/973 159/154/951
f 383/381/952 393/390/956 163/158/953
f 394/391/955 164/159/1021 163/158/953
f 385/382/957 155/151/1022 165/160/958
f 396/393/960 395/392/959 165/160/958
f 394/391/962 396/393/960 166/161/961
f 397/394/964 167/162/1023 152/148/965
f 398/395/967 383/381/1024 153/149/968
f 398/395/970 169/163/1025 168/165/971
f 289/285/900 59/461/901 159/154/951
f 401/398/984 400/397/1026 170/166/985
f 401/398/987 171/167/1027 155/151/988
f 402/399/990 172/168/994 167/162/991
f 402/399/990 382/379/1028 152/148/993
